*---------------------------------------------------------*
*Country: Nig
*Weather station: BENIN
*WMO-station number: 652290-99999
*Station longitude: 5.6(dd)
*Station latitude: 6.317(dd)
*Propagated data for longitude: 6.12923(dd)
*Propagated data latitude: 6.80155(dd)
*Elevation: -99.99
*Angstrom values of -0.25 and -0.45 for the Ke,Tz,Ug region
*Source: Combination of NASA power weather and TRMM rainfall
*Comments: NASA power temp. data converted
*using GYGA factors derived GYGA online propagated data
*Comments: differences between the sets were corrected
*on annual basis
*NASA-Power vs GYGA min. temp.: R2=1
* intercept=14.47; slope=0.3469
*NASA-Power vs GYGA max. temp.: R2=1
* intercept=9.297; slope=0.7965
*Columns:
*  ========
*  station number
*  year
*  day
*  average insolation incident on a horizontal surface (kJ m-2 d-1)
*  Propagated minimum temperature (degrees Celsius)
*  Propagated maximum temperature (degrees Celsius)
*  vapour pressure (kPa)
*  mean wind speed (m s-1)
*  TRMM precipitation (mm d-1)
*---------------------------------------------------------*
   6.12923 6.80155 -99.99 -0.25 -0.45
17    1   1   19480.00  20.18  31.64   1.73   3.07   4.10
17    1   2   18940.00  20.12  32.29   1.82   3.08   2.50
17    1   3   19370.00  20.24  33.17   1.88   2.79  11.40
17    1   4   18180.00  20.56  32.88   1.85   2.04   1.20
17    1   5   19120.00  21.21  33.28   1.97   1.48  32.90
17    1   6   18290.00  21.48  32.77   1.92   1.56  28.00
17    1   7   18610.00  21.62  32.49   2.31   1.26   0.00
17    1   8   18860.00  21.96  32.75   2.57   2.05   0.10
17    1   9   19730.00  20.62  33.21   1.84   2.67   5.00
17    1  10   19260.00  20.92  33.94   2.22   1.99  15.70
17    1  11   18860.00  21.71  34.05   2.79   2.78   4.20
17    1  12   18470.00  22.10  33.42   2.84   2.50   2.10
17    1  13   18795.00  22.31  33.38   2.87   2.22  18.40
17    1  14   19120.00  22.00  33.96   2.49   1.67   3.20
17    1  15   18580.00  21.89  33.51   2.41   1.31  51.30
17    1  16   19150.00  22.13  34.27   2.63   1.35   8.00
17    1  17   18680.00  22.48  34.16   2.94   1.99   0.00
17    1  18   17460.00  22.49  33.94   3.00   2.77   3.20
17    1  19   17240.00  22.45  33.64   2.99   1.74   1.00
17    1  20   14800.00  22.61  33.34   3.04   1.94   1.50
17    1  21   18900.00  22.51  34.70   3.01   2.55   2.10
17    1  22   16740.00  22.46  34.24   2.99   2.60   6.80
17    1  23   16020.00  22.81  32.33   3.04   3.18   2.30
17    1  24   16990.00  22.64  31.93   2.94   3.08   0.00
17    1  25   19510.00  22.31  33.40   2.90   2.75   0.70
17    1  26   15620.00  22.53  32.99   2.91   2.79   1.80
17    1  27   18430.00  22.48  34.40   2.91   2.49  11.60
17    1  28   16850.00  22.40  33.77   2.93   2.52   0.00
17    1  29   17460.00  22.53  33.79   2.95   2.08   0.00
17    1  30   18070.00  22.53  33.94   3.00   2.22   0.00
17    1  31   17750.00  22.65  33.17   2.98   2.27   1.30
17    1  32   17600.00  22.50  34.00   2.86   1.82   7.40
17    1  33   16780.00  22.62  32.98   2.93   1.97   0.30
17    1  34   17100.00  22.31  34.21   2.84   1.61   2.20
17    1  35   18970.00  22.42  34.31   2.87   1.32   0.60
17    1  36   18940.00  22.40  34.34   2.72   1.66   0.30
17    1  37   19150.00  22.41  33.98   2.81   1.95   3.70
17    1  38   18400.00  22.48  33.99   2.92   1.63   1.40
17    1  39   18610.00  22.70  34.00   2.93   1.42  18.30
17    1  40   19400.00  22.72  34.60   2.94   1.39  32.60
17    1  41   18220.00  22.84  34.98   2.97   1.49   1.40
17    1  42   19480.00  22.85  34.43   2.96   1.66   5.00
17    1  43   18860.00  22.47  35.53   2.87   1.87   7.40
17    1  44   20160.00  22.27  34.81   2.40   2.59   0.00
17    1  45   20320.00  21.00  33.67   1.71   2.72   0.00
17    1  46   20480.00  21.74  34.03   2.00   2.14   0.30
17    1  47   20230.00  21.71  31.55   2.04   2.85   0.00
17    1  48   20740.00  20.60  32.13   1.66   3.18   0.20
17    1  49   20380.00  20.31  29.65   1.62   3.99   0.10
17    1  50   20770.00  20.12  31.73   1.52   2.99   0.00
17    1  51   20050.00  20.89  32.76   1.69   2.00   0.70
17    1  52   20700.00  21.22  34.07   1.89   1.97   0.00
17    1  53   21130.00  21.31  35.41   2.21   2.02   3.30
17    1  54   19690.00  22.16  34.81   2.91   2.02   1.10
17    1  55   20450.00  22.39  34.80   2.93   2.09   5.50
17    1  56   20160.00  22.75  33.24   3.01   1.79  14.30
17    1  57   18540.00  22.54  32.68   3.00   2.28   0.00
17    1  58   16780.00  22.47  34.47   3.00   2.64   0.00
17    1  59   17420.00  22.66  34.03   3.08   2.84   0.70
17    1  60   18290.00  22.71  34.36   3.03   2.57   4.00
17    1  61   18435.00  22.90  33.69   3.11   2.33   3.30
17    1  62   18580.00  23.06  33.89   3.14   2.42   0.00
17    1  63   18900.00  22.74  33.97   3.10   2.09   0.00
17    1  64   18680.00  22.73  33.79   3.12   2.65   0.00
17    1  65   10660.00  22.78  32.60   3.08   3.26   0.80
17    1  66   20340.00  22.50  34.00   2.97   2.75   0.00
17    1  67   18220.00  22.78  33.46   3.11   2.47   0.00
17    1  68   16850.00  22.75  32.53   3.08   2.20   0.00
17    1  69   17570.00  21.81  33.29   2.44   1.27   0.00
17    1  70   17860.00  22.37  33.57   2.75   1.04   0.50
17    1  71   18790.00  22.72  33.41   2.57   1.61   0.00
17    1  72   19400.00  22.28  33.59   2.88   1.81   0.00
17    1  73   13900.00  22.80  32.87   3.03   2.08   0.00
17    1  74   19330.00  22.72  33.87   3.03   1.96   0.00
17    1  75   19190.00  22.58  33.86   3.05   2.04   0.00
17    1  76   19870.00  22.76  34.98   3.12   2.80   0.00
17    1  77   18845.00  22.89  35.49   3.09   2.62   0.00
17    1  78   17820.00  22.96  34.59   3.12   2.82   0.30
17    1  79   17960.00  23.05  33.94   3.17   2.61   2.00
17    1  80   17680.00  23.01  34.16   3.15   3.37   0.00
17    1  81    8030.00  22.80  34.24   2.91   3.07   6.70
17    1  82   18320.00  22.56  33.35   2.91   2.84  23.30
17    1  83   17890.00  22.53  34.15   2.96   2.16   4.10
17    1  84   17460.00  22.66  33.91   3.03   1.98   2.30
17    1  85   17460.00  22.66  34.88   3.10   2.57   9.90
17    1  86   16670.00  22.80  33.65   3.13   2.00   0.00
17    1  87   17320.00  23.04  33.71   3.16   2.17  11.80
17    1  88   20380.00  22.96  34.32   3.10   2.26  18.70
17    1  89    9140.00  22.78  33.65   3.01   2.85   0.00
17    1  90   15620.00  22.57  33.08   3.05   2.58   0.00
17    1  91   21670.00  22.68  33.81   3.10   2.47   0.00
17    1  92   21710.00  22.76  34.58   3.05   2.02   0.00
17    1  93   21185.00  22.80  32.33   3.06   2.67   0.00
17    1  94   20660.00  22.63  33.91   3.06   2.96   0.20
17    1  95   19870.00  23.01  32.97   3.17   2.85   1.40
17    1  96   18900.00  22.93  33.06   3.04   2.23   0.00
17    1  97   21710.00  22.61  33.51   3.04   2.26   0.00
17    1  98   20270.00  22.72  34.67   3.09   2.18   0.00
17    1  99    3350.00  22.94  33.06   3.15   2.94   6.80
17    1 100   20480.00  22.59  33.33   3.04   2.15   0.10
17    1 101   18790.00  22.85  32.57   3.06   2.72   0.00
17    1 102   19940.00  22.68  33.34   3.17   2.54   0.00
17    1 103   15260.00  22.87  32.68   3.06   3.16   1.30
17    1 104   23580.00  22.64  33.24   3.07   2.43   0.00
17    1 105   16670.00  22.83  33.48   3.01   1.98   0.00
17    1 106   22610.00  22.17  34.63   2.77   2.53   0.00
17    1 107   20090.00  22.81  34.16   3.03   1.49   3.00
17    1 108   19940.00  22.70  33.65   2.97   1.66   1.10
17    1 109   15800.00  23.02  33.88   3.06   1.52   0.10
17    1 110   11660.00  22.92  32.96   3.18   2.63  12.90
17    1 111   21310.00  22.92  33.89   3.17   2.63   0.00
17    1 112   18900.00  22.76  33.94   3.00   2.30   8.60
17    1 113   20560.00  22.80  33.69   3.04   2.17   2.20
17    1 114   19370.00  22.91  34.68   3.08   2.61   0.00
17    1 115    7630.00  22.89  33.51   3.11   2.57   0.00
17    1 116   21170.00  22.68  34.73   3.06   2.64   0.00
17    1 117   21670.00  22.82  34.07   3.07   2.52   0.00
17    1 118   16520.00  23.00  32.91   3.05   3.06   0.00
17    1 119   19940.00  22.71  34.61   3.02   2.66   0.00
17    1 120   18580.00  22.71  31.73   3.04   2.31   2.60
17    1 121    7960.00  22.56  32.98   3.08   2.37   0.10
17    1 122   19620.00  22.77  33.12   3.10   2.52   0.00
17    1 123   17170.00  22.83  32.34   3.05   2.09   0.00
17    1 124   23000.00  22.61  33.71   3.00   2.56   0.00
17    1 125   20700.00  22.66  33.00   3.00   1.84   0.00
17    1 126   18400.00  22.71  33.69   3.11   2.44   0.30
17    1 127   18220.00  22.83  34.09   3.09   2.13   0.00
17    1 128   18790.00  22.97  33.54   3.17   2.24   0.00
17    1 129    9400.00  22.70  32.08   3.02   2.11   0.20
17    1 130   19730.00  22.33  34.38   3.01   1.61   0.80
17    1 131   16520.00  22.85  32.20   3.10   1.72   0.00
17    1 132   20660.00  22.61  34.14   3.05   1.95   2.10
17    1 133   17930.00  22.93  33.09   3.17   2.78   1.10
17    1 134   14960.00  23.03  32.83   3.18   2.91   0.00
17    1 135   11990.00  22.75  33.26   3.06   2.65   0.00
17    1 136    5260.00  22.40  31.27   2.96   2.59  11.80
17    1 137   22280.00  22.07  34.34   2.76   1.55  11.10
17    1 138   21100.00  22.40  34.38   3.02   2.00   0.60
17    1 139   15700.00  22.86  32.23   3.11   2.61   2.50
17    1 140    8710.00  22.85  32.54   3.05   1.56   0.00
17    1 141   13445.00  22.71  33.52   3.15   2.04   0.10
17    1 142   18180.00  22.95  33.44   3.16   2.09   0.00
17    1 143   19400.00  22.92  32.38   3.19   2.52   0.00
17    1 144   17320.00  22.95  33.17   3.12   2.98   0.00
17    1 145    7450.00  22.63  31.41   3.02   2.35   0.20
17    1 146   21170.00  22.38  33.94   2.90   2.10   0.00
17    1 147   16880.00  22.51  32.24   2.94   2.21   2.40
17    1 148   18760.00  22.41  34.39   3.07   2.02   2.70
17    1 149   15620.00  22.91  34.09   3.23   3.14  74.10
17    1 150   17060.00  22.99  32.72   3.13   2.87   0.10
17    1 151   18500.00  22.97  32.17   3.13   2.51   0.00
17    1 152   21600.00  22.78  33.12   3.02   2.06   0.00
17    1 153   14690.00  22.81  32.97   3.06   2.82   2.20
17    1 154   20560.00  22.66  33.58   3.04   2.59   0.00
17    1 155   11300.00  22.72  32.47   3.07   2.26   0.00
17    1 156   20120.00  22.82  32.91   3.12   2.37   0.30
17    1 157   20570.00  22.72  32.62   3.05   2.93   6.70
17    1 158   21020.00  22.75  33.84   3.07   2.04   5.70
17    1 159   19330.00  22.83  32.36   3.08   2.03  18.10
17    1 160   19120.00  22.71  34.63   3.20   1.66   5.50
17    1 161   14180.00  23.14  32.80   3.26   2.63   0.00
17    1 162   17930.00  22.99  32.57   3.18   3.20   0.00
17    1 163   16270.00  22.85  31.91   3.10   3.23   0.00
17    1 164   13000.00  22.64  30.59   3.03   2.42   4.00
17    1 165   18360.00  22.55  31.93   2.87   1.95  58.30
17    1 166   17060.00  22.27  33.49   2.96   2.37   0.20
17    1 167   16060.00  22.76  31.38   3.04   3.03   0.00
17    1 168    7270.00  22.57  31.74   2.96   2.41   1.80
17    1 169   17390.00  22.41  32.65   2.94   2.08   1.90
17    1 170   17680.00  22.55  31.24   3.03   2.87   3.20
17    1 171   13250.00  22.49  31.67   2.84   2.71   0.00
17    1 172   19940.00  22.32  33.30   2.88   1.79   0.10
17    1 173   17600.00  22.66  31.97   3.04   2.00   4.90
17    1 174   15260.00  22.69  31.42   3.01   2.91   0.50
17    1 175   20520.00  22.42  32.93   2.97   2.08   5.10
17    1 176   15050.00  22.59  30.95   3.01   2.12   1.90
17    1 177   15910.00  22.43  32.57   2.95   1.75   1.10
17    1 178   16450.00  22.42  31.46   2.86   2.66   0.70
17    1 179   16270.00  22.27  31.72   2.83   2.54  55.50
17    1 180   20880.00  22.21  32.23   2.88   1.80   3.90
17    1 181   15370.00  22.53  31.07   2.88   2.84   2.20
17    1 182   16180.00  22.45  31.18   2.89   3.20  19.20
17    1 183   16990.00  22.44  31.73   2.90   2.97   4.40
17    1 184   14830.00  22.42  32.43   3.04   2.79   0.00
17    1 185   16450.00  22.59  31.89   2.93   3.22   0.00
17    1 186   12060.00  22.48  30.75   2.95   2.86   0.00
17    1 187   12560.00  22.16  30.64   2.79   3.21  10.10
17    1 188   15230.00  21.97  32.44   2.80   2.20   0.00
17    1 189   14615.00  22.38  32.85   2.92   3.15   3.10
17    1 190   14000.00  22.35  31.72   2.82   2.97  23.70
17    1 191   19730.00  22.20  32.14   2.79   3.25  21.20
17    1 192   15410.00  22.05  31.56   2.69   2.77   0.00
17    1 193   14510.00  21.71  32.20   2.70   2.00   0.70
17    1 194    5830.00  22.12  32.44   2.83   2.99   0.00
17    1 195   14580.00  22.19  31.00   2.84   2.81   0.00
17    1 196   15800.00  22.34  32.04   2.89   2.99   3.90
17    1 197    9540.00  22.38  31.72   2.91   3.53  17.60
17    1 198   11270.00  22.46  31.99   2.93   3.56   0.10
17    1 199   13610.00  22.45  32.29   2.96   2.58  15.60
17    1 200   17960.00  22.50  32.46   2.96   2.39   2.90
17    1 201   13280.00  22.47  33.64   3.03   3.08   0.00
17    1 202   13100.00  22.58  30.12   2.98   3.02   0.00
17    1 203    9320.00  22.50  31.50   2.97   3.10   8.00
17    1 204   10550.00  22.47  31.13   2.94   3.08   9.20
17    1 205   11160.00  22.42  31.90   2.94   3.77   2.80
17    1 206   11770.00  22.39  30.60   2.86   3.55   5.30
17    1 207   12380.00  22.21  31.26   2.86   2.62  13.20
17    1 208   13610.00  22.27  32.59   2.93   2.49   0.00
17    1 209   16450.00  22.48  33.10   2.98   3.05   0.10
17    1 210   13680.00  22.49  31.51   2.96   2.55   0.00
17    1 211   12960.00  22.38  30.71   2.94   3.79   2.50
17    1 212   14360.00  22.44  31.91   2.92   3.12   1.30
17    1 213    8710.00  22.42  30.38   2.90   3.42   4.10
17    1 214   14150.00  22.24  31.06   2.84   2.77   4.40
17    1 215    9610.00  22.20  32.18   2.91   3.34   3.30
17    1 216    7310.00  22.31  30.52   2.88   3.70   0.00
17    1 217   11810.00  22.38  30.91   2.91   3.02   0.90
17    1 218   16160.00  22.31  30.50   2.88   3.00  21.10
17    1 219    9320.00  22.22  30.13   2.83   2.87  34.50
17    1 220   14580.00  22.14  31.27   2.81   2.58   0.00
17    1 221   12275.00  22.21  31.58   2.87   2.91   2.20
17    1 222    9970.00  22.23  31.89   2.88   3.05  37.90
17    1 223   16130.00  22.44  30.09   2.92   3.27   8.10
17    1 224   13180.00  22.42  30.98   2.92   3.68  20.00
17    1 225   12600.00  22.41  31.64   2.94   3.55  47.30
17    1 226   13000.00  22.47  31.43   2.93   3.55   0.90
17    1 227   10840.00  22.31  31.18   2.87   3.28   0.60
17    1 228    7810.00  22.32  30.89   2.87   3.92   3.00
17    1 229   11450.00  22.20  30.86   2.80   3.59   3.30
17    1 230   16020.00  21.99  32.27   2.81   3.48   0.00
17    1 231   19980.00  21.84  32.72   2.79   2.43   1.50
17    1 232   11590.00  22.13  32.15   2.86   3.19  11.30
17    1 233   11630.00  22.16  31.01   2.80   3.85  13.20
17    1 234    5110.00  22.14  31.01   2.79   2.97   0.00
17    1 235   11480.00  22.03  32.02   2.84   2.51   3.60
17    1 236   17500.00  22.19  32.68   2.91   2.22   1.50
17    1 237   15465.00  22.39  30.83   2.88   3.70  27.20
17    1 238   13430.00  22.13  31.41   2.85   2.74   1.50
17    1 239   12060.00  22.20  31.81   2.88   2.49   0.00
17    1 240   14540.00  22.16  32.09   2.89   2.32   0.00
17    1 241   13460.00  22.34  30.90   2.88   3.46   0.00
17    1 242   10040.00  22.33  31.28   2.88   3.70   0.90
17    1 243   16310.00  22.15  31.67   2.84   3.22   6.70
17    1 244   15480.00  22.16  31.79   2.82   2.34  13.60
17    1 245   14040.00  22.28  31.76   2.92   3.34  41.20
17    1 246   14400.00  22.29  31.58   2.85   3.31   0.00
17    1 247   14080.00  22.21  32.37   2.92   3.09   0.90
17    1 248   15550.00  22.21  32.59   2.90   2.52  23.50
17    1 249   13820.00  22.38  32.83   2.93   2.60   0.00
17    1 250    5110.00  22.39  29.62   2.88   3.47   3.90
17    1 251   11340.00  22.16  31.15   2.81   2.16   0.60
17    1 252   16880.00  22.23  32.95   2.91   1.72   0.00
17    1 253   13210.00  22.53  31.80   2.99   2.76   3.00
17    1 254    9540.00  22.43  30.56   2.91   2.50  24.80
17    1 255   14040.00  22.20  31.42   2.89   3.01   1.40
17    1 256   13180.00  22.35  30.88   2.88   3.46  11.40
17    1 257   17640.00  22.30  31.43   2.91   2.63   0.00
17    1 258   16310.00  22.38  31.77   2.94   2.81   0.00
17    1 259    6520.00  22.43  31.04   2.90   3.66   1.40
17    1 260   15120.00  22.16  32.12   2.88   2.78  33.00
17    1 261   14760.00  22.34  32.55   2.98   2.50   0.60
17    1 262   15620.00  22.52  32.56   3.02   3.05  27.10
17    1 263   15190.00  22.45  32.55   2.95   2.05   0.10
17    1 264    7990.00  22.58  31.36   2.96   3.28   0.00
17    1 265   15010.00  22.34  30.80   2.85   3.10   0.20
17    1 266   15370.00  22.23  31.96   2.87   2.16   2.80
17    1 267   14260.00  22.41  32.39   2.97   2.11  26.60
17    1 268   14290.00  22.53  31.37   2.96   2.22  14.60
17    1 269   15045.00  22.50  31.37   2.96   2.31  34.90
17    1 270   15800.00  22.46  31.22   2.97   1.41   0.00
17    1 271   15440.00  22.41  31.07   2.97   2.38   0.00
17    1 272   17100.00  22.49  31.81   2.88   1.56   6.60
17    1 273   14940.00  22.23  32.72   2.92   1.64   0.00
17    1 274   19760.00  22.56  31.98   2.96   2.37   0.70
17    1 275   21060.00  22.45  33.09   3.04   2.36   0.10
17    1 276   16560.00  22.54  32.32   3.03   2.49   0.00
17    1 277   19980.00  22.46  32.91   3.02   2.54   0.00
17    1 278   14900.00  22.62  30.84   2.93   2.83   0.00
17    1 279   19150.00  22.37  32.79   2.97   2.37   0.00
17    1 280   15730.00  22.48  30.56   2.91   2.68   3.70
17    1 281   17100.00  22.36  30.51   2.93   2.51   0.50
17    1 282   21310.00  22.37  32.27   2.82   2.68   0.00
17    1 283    4970.00  22.14  32.40   2.93   2.63   8.50
17    1 284   19510.00  22.53  32.30   3.00   2.45 115.40
17    1 285   19475.00  22.37  31.86   2.92   1.98   0.20
17    1 286   19440.00  22.56  31.22   2.96   2.28   1.80
17    1 287   20410.00  22.44  32.39   2.93   2.08   3.10
17    1 288   19980.00  22.52  33.28   2.97   1.64  25.00
17    1 289   18860.00  22.60  31.39   2.86   1.87  34.10
17    1 290   20020.00  21.98  31.71   2.77   1.98   1.10
17    1 291   20920.00  22.34  30.59   2.89   2.48  28.40
17    1 292   18970.00  22.21  33.16   2.83   1.64   8.30
17    1 293   21170.00  22.46  34.24   2.98   1.60  25.00
17    1 294   18940.00  22.63  32.09   3.08   2.57  28.70
17    1 295   17030.00  22.67  33.71   3.03   2.55   7.80
17    1 296   20840.00  22.63  32.29   2.91   2.29   0.00
17    1 297   20270.00  22.42  34.24   3.01   1.57  27.40
17    1 298   21100.00  22.68  33.25   3.08   1.95  11.60
17    1 299   14760.00  22.70  32.66   3.02   1.62  12.10
17    1 300   12820.00  22.66  32.03   3.01   1.88   1.00
17    1 301   16290.00  22.53  32.83   2.88   2.06   7.50
17    1 302   19760.00  22.32  33.93   2.88   1.28   0.60
17    1 303   21200.00  22.46  34.07   2.97   1.45   0.00
17    1 304   18000.00  22.66  32.82   2.99   1.44   0.00
17    1 305   11050.00  22.63  31.98   2.85   1.68   0.00
17    1 306   17030.00  22.18  32.86   2.72   2.03   0.60
17    1 307   19660.00  22.21  33.57   2.87   1.63   5.70
17    1 308   18360.00  22.39  32.80   3.00   2.35   4.90
17    1 309   18900.00  22.51  33.06   2.92   1.71   0.00
17    1 310   17890.00  22.45  33.23   2.95   1.64   0.00
17    1 311   19910.00  22.55  33.38   2.89   1.37   0.10
17    1 312   21490.00  22.16  34.06   2.88   1.76   1.10
17    1 313   19980.00  22.66  34.15   2.96   1.48  12.40
17    1 314   20520.00  22.43  33.02   2.94   1.81   0.00
17    1 315   20700.00  22.23  33.73   2.83   1.41   0.00
17    1 316   20660.00  22.15  33.90   2.89   1.63   1.40
17    1 317   19455.00  22.51  33.96   2.92   1.42   0.00
17    1 318   18250.00  22.57  33.25   2.99   1.54   1.70
17    1 319   19300.00  22.67  33.39   2.99   1.76   5.40
17    1 320   18220.00  22.51  32.83   3.00   2.03  48.90
17    1 321   18220.00  22.61  33.24   3.04   2.50  17.70
17    1 322   18500.00  22.61  33.38   3.03   2.38   2.20
17    1 323   12280.00  22.70  32.50   2.98   2.39   2.30
17    1 324   18070.00  22.34  33.21   2.89   1.37   0.00
17    1 325   18680.00  22.48  34.36   2.83   1.93   2.50
17    1 326   19550.00  22.37  33.52   2.98   1.94   1.50
17    1 327   18830.00  22.62  32.16   2.94   2.00  39.80
17    1 328   19580.00  22.30  32.89   2.81   1.44   0.00
17    1 329   21100.00  22.29  33.92   2.60   0.98   1.70
17    1 330   21960.00  21.87  33.32   2.30   1.87  47.30
17    1 331   21780.00  20.65  33.05   1.92   1.54  13.20
17    1 332   21490.00  21.45  33.76   2.55   1.74   0.00
17    1 333   21025.00  22.01  33.71   2.70   1.53   0.00
17    1 334   20560.00  21.89  34.06   2.70   1.82   0.00
17    1 335   20270.00  21.66  32.94   2.19   1.87   0.00
17    1 336   18610.00  21.53  33.87   2.36   1.34   0.00
17    1 337   19620.00  22.13  34.43   2.75   1.59   0.00
17    1 338   19370.00  22.03  34.23   2.74   1.76   0.10
17    1 339   20050.00  21.93  34.36   2.71   1.62   6.00
17    1 340   18790.00  21.91  34.28   2.70   1.68  29.40
17    1 341   16340.00  22.22  34.42   2.85   1.58  27.90
17    1 342   17960.00  22.46  33.23   2.83   1.35  60.20
17    1 343   10120.00  22.28  32.95   2.86   1.59   8.40
17    1 344   15730.00  22.26  32.14   2.61   1.92   0.20
17    1 345   17500.00  21.93  32.65   2.15   0.98  19.30
17    1 346   17680.00  22.23  33.89   2.38   1.52   3.70
17    1 347   17060.00  21.26  33.70   2.05   2.26  71.50
17    1 348   19480.00  21.63  34.30   2.44   1.55   0.70
17    1 349   19170.00  22.42  34.17   2.86   2.36  38.80
17    1 350   18860.00  22.47  34.29   2.87   1.83   0.00
17    1 351   18400.00  22.41  34.48   2.95   2.12   0.00
17    1 352   18000.00  22.45  33.92   2.97   2.24   0.00
17    1 353   17820.00  22.42  33.24   2.96   2.15   2.40
17    1 354   17460.00  22.51  33.38   2.97   1.95   0.90
17    1 355   16420.00  22.52  34.46   2.97   1.95   0.70
17    1 356   15480.00  22.58  32.87   3.02   3.06   1.50
17    1 357   19080.00  22.16  33.53   2.88   2.77   0.80
17    1 358   17460.00  21.99  33.42   2.75   2.00   0.00
17    1 359   18680.00  21.53  31.77   2.07   2.29   0.00
17    1 360   17030.00  21.19  32.55   2.09   2.77   0.00
17    1 361   18320.00  20.76  32.91   2.03   2.11   0.70
17    1 362   19300.00  21.65  33.14   1.99   1.35   2.10
17    1 363   19510.00  21.99  33.23   2.08   1.07   5.50
17    1 364   20230.00  21.83  33.50   2.10   1.75   0.70
17    1 365   20230.00  20.67  32.93   1.74   2.18   2.70
