*---------------------------------------------------------*
*Country: Nig
*Weather station: BENIN
*WMO-station number: 652290-99999
*Station longitude: 5.6(dd)
*Station latitude: 6.317(dd)
*Propagated data for longitude: 6.12923(dd)
*Propagated data latitude: 6.80155(dd)
*Elevation: -99.99
*Angstrom values of -0.25 and -0.45 for the Ke,Tz,Ug region
*Source: Combination of NASA power weather and TRMM rainfall
*Comments: NASA power temp. data converted
*using GYGA factors derived GYGA online propagated data
*Comments: differences between the sets were corrected
*on annual basis
*NASA-Power vs GYGA min. temp.: R2=1
* intercept=14.47; slope=0.3469
*NASA-Power vs GYGA max. temp.: R2=1
* intercept=9.297; slope=0.7965
*Columns:
*  ========
*  station number
*  year
*  day
*  average insolation incident on a horizontal surface (kJ m-2 d-1)
*  Propagated minimum temperature (degrees Celsius)
*  Propagated maximum temperature (degrees Celsius)
*  vapour pressure (kPa)
*  mean wind speed (m s-1)
*  TRMM precipitation (mm d-1)
*---------------------------------------------------------*
   6.12923 6.80155 -99.99 -0.25 -0.45
17    1   1   19370.00  20.40  32.54   1.38   2.81   0.20
17    1   2   19440.00  19.99  32.92   1.49   3.75   0.00
17    1   3   15910.00  20.34  33.60   1.56   3.36   2.70
17    1   4   18580.00  20.57  33.46   1.69   3.43   0.00
17    1   5   16160.00  21.10  34.12   1.87   1.90   0.00
17    1   6   18940.00  21.14  34.82   2.15   1.84   0.50
17    1   7   19300.00  21.34  35.06   2.05   2.30  18.90
17    1   8   18970.00  21.40  35.56   2.55   2.02  47.50
17    1   9   18290.00  22.08  35.82   2.76   2.10   7.60
17    1  10   16990.00  22.18  35.66   2.82   2.09  37.80
17    1  11   18325.00  22.14  36.00   2.69   1.97 109.40
17    1  12   19660.00  21.96  35.33   2.46   2.09   6.60
17    1  13   19620.00  21.56  34.79   2.07   1.81   0.80
17    1  14   19910.00  21.43  34.52   1.85   2.15   0.90
17    1  15   19580.00  21.06  34.82   1.98   2.10   0.00
17    1  16   19370.00  22.00  35.51   2.54   2.13   0.00
17    1  17   18500.00  22.05  35.39   2.77   2.41   1.10
17    1  18   17240.00  22.19  35.73   2.76   1.88   0.00
17    1  19   19220.00  22.13  34.68   2.30   2.41   0.40
17    1  20   19400.00  21.23  34.44   1.63   2.57   0.30
17    1  21   20740.00  20.74  34.66   1.51   2.54   0.00
17    1  22    7380.00  21.32  35.12   2.24   2.43   0.00
17    1  23   20300.00  21.59  34.71   1.97   2.41  16.50
17    1  24   20450.00  20.62  33.38   1.39   3.42   0.00
17    1  25   19690.00  19.92  33.19   1.30   4.40   0.10
17    1  26   20270.00  20.21  33.23   1.34   3.86   0.00
17    1  27   20450.00  20.17  33.28   1.28   4.50   0.00
17    1  28   20630.00  20.02  33.82   1.27   4.04   0.00
17    1  29   20300.00  20.37  33.95   1.30   4.48   0.00
17    1  30   20950.00  19.88  34.55   1.31   4.11   0.00
17    1  31   20230.00  20.88  34.57   1.38   2.15   0.00
17    1  32   19840.00  21.30  35.34   1.45   1.39   1.30
17    1  33   20020.00  21.07  36.00   1.88   1.84   0.20
17    1  34   19480.00  21.31  36.00   2.52   2.78   0.00
17    1  35   19760.00  21.85  36.60   2.60   2.12   0.00
17    1  36   19400.00  22.05  36.82   2.41   2.54   0.00
17    1  37   20120.00  22.07  36.27   2.25   2.84   0.60
17    1  38   19840.00  21.31  35.65   1.89   2.63   4.40
17    1  39   19080.00  21.96  36.05   2.43   2.11   0.00
17    1  40   19800.00  21.95  35.45   1.98   2.40   0.20
17    1  41   20450.00  21.12  35.50   1.48   2.75  15.60
17    1  42   21240.00  20.60  35.54   1.32   2.88   0.60
17    1  43   20720.00  21.10  35.92   2.11   2.02   2.90
17    1  44   20200.00  21.77  36.55   2.56   2.50   0.00
17    1  45   19190.00  22.25  36.35   2.70   2.60   0.00
17    1  46   17500.00  22.57  35.01   2.83   2.98   0.00
17    1  47   18900.00  22.60  36.47   2.91   2.29   0.70
17    1  48   19190.00  22.82  36.21   2.96   3.46   0.20
17    1  49   19690.00  22.74  36.87   2.95   3.55   0.00
17    1  50   17420.00  22.95  35.10   2.97   3.00   0.10
17    1  51   18680.00  23.05  35.41   3.02   2.57   0.00
17    1  52   18900.00  22.99  37.50   2.94   2.45   0.00
17    1  53   19120.00  23.00  37.76   2.90   2.65   1.20
17    1  54   17640.00  22.95  37.36   2.69   2.65   0.00
17    1  55   18970.00  22.80  37.38   2.85   2.28   0.00
17    1  56   18540.00  23.13  34.16   3.10   2.66   0.00
17    1  57   16960.00  23.04  36.92   2.93   3.45   0.70
17    1  58   19440.00  22.93  37.20   2.94   3.47   0.20
17    1  59   18395.00  22.94  37.20   2.99   3.70   0.00
17    1  60   17350.00  23.05  36.23   3.08   3.19   3.50
17    1  61   17570.00  23.29  36.10   3.07   4.26   0.90
17    1  62   17030.00  23.01  36.03   2.99   3.81   0.00
17    1  63   18940.00  22.91  36.72   2.99   3.74   0.30
17    1  64   18940.00  23.07  36.03   3.11   2.88   4.40
17    1  65    1800.00  23.10  35.30   3.03   3.16  36.50
17    1  66   14830.00  22.86  35.85   2.96   3.35   6.10
17    1  67   20630.00  22.92  36.70   2.99   3.03  19.80
17    1  68   12420.00  23.13  34.75   3.02   2.63   0.00
17    1  69   18790.00  23.00  33.69   3.07   3.09   0.00
17    1  70   19620.00  23.19  33.85   3.09   3.39   0.00
17    1  71   17320.00  22.87  35.15   3.03   3.60   0.00
17    1  72   19010.00  22.98  35.83   3.04   3.57   0.70
17    1  73    3350.00  23.11  34.05   3.05   1.89   0.00
17    1  74   16060.00  22.79  35.18   2.95   2.16   0.00
17    1  75   17120.00  22.92  36.47   2.94   2.07   0.00
17    1  76   18180.00  23.04  34.87   3.11   2.85   2.60
17    1  77   18580.00  23.03  35.45   3.14   3.26   0.00
17    1  78    8030.00  23.02  34.91   3.02   2.67   0.00
17    1  79   21200.00  22.70  36.87   2.90   2.53   0.00
17    1  80   16850.00  22.99  34.55   3.00   3.25   0.00
17    1  81   17460.00  22.42  36.90   2.78   2.23   0.00
17    1  82   16450.00  22.88  36.03   3.03   3.14   2.40
17    1  83   17280.00  23.04  34.05   3.12   3.56   0.10
17    1  84   14220.00  23.19  32.75   3.15   3.83   0.00
17    1  85   16200.00  22.95  34.18   3.08   3.40   0.00
17    1  86   14440.00  23.00  34.52   3.09   3.22   0.00
17    1  87   13390.00  23.11  33.57   3.10   2.70   0.00
17    1  88   18220.00  22.97  35.90   3.09   2.49   0.70
17    1  89   17500.00  23.15  36.16   3.16   2.69   0.10
17    1  90   14440.00  23.09  36.12   3.14   2.78   0.00
17    1  91   15660.00  23.24  34.28   3.23   3.28   0.00
17    1  92   16880.00  23.21  34.25   3.17   3.68   6.60
17    1  93   20160.00  23.05  34.24   3.14   2.81   0.10
17    1  94   16560.00  23.05  34.02   3.15   2.39   0.00
17    1  95   19980.00  23.11  34.20   3.17   3.36   0.00
17    1  96   18860.00  22.94  34.05   3.15   3.33   0.00
17    1  97   12640.00  22.92  32.72   3.13   3.79   0.00
17    1  98   14800.00  22.40  34.63   2.79   2.59   0.70
17    1  99   20920.00  22.50  35.65   2.94   2.77   0.00
17    1 100   16380.00  22.92  33.85   2.99   2.63   0.80
17    1 101   18580.00  22.80  35.83   3.01   2.35   0.00
17    1 102   22070.00  22.94  34.90   3.05   2.56   0.00
17    1 103   17210.00  23.00  34.72   3.09   3.09   0.00
17    1 104   19190.00  22.95  34.16   3.09   2.78   0.00
17    1 105   17640.00  22.96  36.26   3.10   3.30   0.00
17    1 106   17350.00  23.07  35.39   3.05   3.44   0.00
17    1 107   19150.00  22.93  35.54   2.99   3.48   5.90
17    1 108   20950.00  22.74  35.73   2.98   2.87   0.00
17    1 109   21420.00  22.93  33.76   3.06   2.79   2.60
17    1 110   18940.00  22.74  35.61   2.96   1.84   0.00
17    1 111   21280.00  22.67  35.77   3.05   2.58   0.10
17    1 112   17280.00  22.96  35.66   3.07   2.34   0.00
17    1 113   21100.00  23.07  35.15   3.14   2.44   6.10
17    1 114   18940.00  23.24  36.16   3.06   2.34   0.10
17    1 115   18720.00  22.95  33.84   3.17   3.04   0.00
17    1 116   17750.00  23.14  33.43   3.15   2.87   3.10
17    1 117   18320.00  22.95  34.24   3.16   2.91   5.60
17    1 118   19620.00  23.08  34.53   3.15   2.77   0.00
17    1 119    6230.00  23.06  33.64   3.00   2.29   0.00
17    1 120   22140.00  22.58  35.03   2.99   2.85   0.00
17    1 121   19940.00  22.88  34.63   3.15   2.53   1.30
17    1 122   20230.00  22.98  34.53   3.21   2.62   0.00
17    1 123   18880.00  23.14  33.32   3.20   2.65   0.00
17    1 124   17530.00  22.97  33.22   3.04   2.64   0.00
17    1 125   15050.00  22.71  34.10   2.99   2.62   2.60
17    1 126   21960.00  22.48  34.00   2.95   2.42   0.90
17    1 127   20120.00  22.68  34.94   3.01   3.16   1.30
17    1 128   19620.00  22.73  34.56   3.02   3.55  12.50
17    1 129   18400.00  22.78  33.72   3.04   2.76   0.10
17    1 130   19550.00  22.69  34.12   2.98   2.37   0.00
17    1 131   21200.00  22.82  33.88   3.06   2.61   1.80
17    1 132   18940.00  22.89  33.72   3.12   2.68  10.10
17    1 133   18500.00  22.97  32.91   3.17   2.49  10.00
17    1 134   21170.00  22.86  33.94   3.13   2.93   5.40
17    1 135   18790.00  22.99  33.65   3.04   3.51   0.00
17    1 136   10400.00  22.85  31.20   3.04   2.13   2.20
17    1 137   22250.00  22.70  33.09   2.95   2.36  54.40
17    1 138   16090.00  22.44  33.35   2.89   2.77  12.50
17    1 139   16920.00  22.45  33.45   2.91   2.07 109.60
17    1 140   17750.00  22.55  34.61   3.03   2.72   0.50
17    1 141   19550.00  22.71  33.57   3.07   2.91   0.00
17    1 142   15660.00  22.87  33.60   3.18   2.94   0.00
17    1 143    5800.00  22.77  31.50   3.12   3.14   5.20
17    1 144   15440.00  22.46  32.53   2.86   2.51   0.00
17    1 145   21060.00  22.41  32.77   2.87   2.11   0.00
17    1 146    2660.00  22.50  34.16   2.99   1.52   0.00
17    1 147   16990.00  22.74  32.36   3.04   2.46   6.90
17    1 148   18720.00  22.36  34.48   3.01   3.26  13.80
17    1 149   17500.00  22.70  33.43   3.08   2.87   6.20
17    1 150   12200.00  22.68  33.00   3.07   3.14   0.10
17    1 151   11230.00  22.49  33.03   2.84   1.89   0.00
17    1 152   17420.00  22.32  34.00   2.86   1.36   4.10
17    1 153   18680.00  22.68  32.32   2.99   2.35  22.10
17    1 154   10690.00  22.71  32.56   3.00   2.55   0.00
17    1 155   14670.00  22.44  34.04   2.97   2.17   0.00
17    1 156   18650.00  22.48  33.37   3.01   2.38  20.40
17    1 157   17460.00  22.70  31.14   2.98   2.57  47.00
17    1 158   10040.00  22.45  32.55   2.99   2.66   0.00
17    1 159    6370.00  22.40  32.03   2.93   2.27  15.60
17    1 160   20480.00  22.61  32.60   3.02   2.19   4.90
17    1 161   13640.00  22.74  31.74   3.07   2.80   0.00
17    1 162   18760.00  22.59  32.80   2.93   2.77   0.00
17    1 163   20380.00  22.38  31.91   2.89   3.32   3.10
17    1 164   14360.00  22.35  32.59   2.85   3.21   3.80
17    1 165    8680.00  22.33  31.72   2.84   3.05   0.00
17    1 166   18250.00  22.24  32.93   2.92   2.92   0.00
17    1 167    7060.00  22.28  30.13   2.86   3.43   0.00
17    1 168   12920.00  21.85  31.34   2.58   3.00   7.10
17    1 169   20480.00  21.78  33.06   2.65   1.84   3.30
17    1 170   21060.00  22.09  32.86   2.84   2.60   0.00
17    1 171   15155.00  22.42  30.97   2.87   3.50   6.10
17    1 172    9250.00  22.16  30.75   2.78   3.00  54.70
17    1 173   20200.00  22.18  32.05   2.72   1.42   0.90
17    1 174   18580.00  22.11  32.59   2.78   2.11   0.10
17    1 175   16600.00  22.26  32.34   2.87   2.77   0.00
17    1 176   13180.00  22.24  29.97   2.78   3.02   0.40
17    1 177   17280.00  22.08  32.63   2.73   2.87   2.50
17    1 178   16310.00  21.91  32.61   2.78   3.24  22.90
17    1 179   11590.00  22.37  30.36   2.81   2.96  25.80
17    1 180   14360.00  22.18  32.44   2.75   2.53   1.00
17    1 181   17890.00  22.14  32.67   2.80   2.77   9.20
17    1 182   19480.00  22.36  31.87   2.86   2.10   4.90
17    1 183   18220.00  22.19  32.67   2.87   2.51   0.20
17    1 184   16420.00  22.34  33.46   2.92   2.37   0.00
17    1 185   16520.00  22.61  30.64   2.95   2.90   9.50
17    1 186   18250.00  22.48  32.80   2.96   3.39  20.90
17    1 187   16630.00  22.52  32.12   2.94   2.99   0.00
17    1 188   15010.00  22.30  33.28   2.88   2.96   0.00
17    1 189   17890.00  22.20  33.04   2.88   3.09   0.00
17    1 190   17240.00  22.42  32.29   2.92   3.24   8.50
17    1 191    9650.00  22.45  32.41   2.91   3.27  31.90
17    1 192    6230.00  22.46  31.80   2.91   3.11   0.40
17    1 193   14400.00  22.32  31.87   2.85   3.02   5.00
17    1 194   17390.00  22.29  32.24   2.81   2.96   3.70
17    1 195   11840.00  22.16  30.78   2.69   3.00  12.40
17    1 196   11700.00  22.07  32.01   2.77   2.47   0.00
17    1 197   10510.00  22.23  30.94   2.78   3.38   8.40
17    1 198   11660.00  22.15  30.73   2.73   3.33  80.80
17    1 199   12850.00  22.12  31.72   2.78   2.64   1.60
17    1 200   15340.00  22.16  31.40   2.78   2.15   0.00
17    1 201    6160.00  22.25  31.02   2.82   2.78   0.00
17    1 202   16020.00  22.07  31.77   2.79   2.44   0.10
17    1 203   14330.00  22.19  32.09   2.82   2.93   0.10
17    1 204   12640.00  22.18  31.22   2.76   2.77   0.00
17    1 205   11410.00  22.09  30.22   2.72   2.72   3.30
17    1 206   14510.00  22.11  31.13   2.69   2.72  39.60
17    1 207   11480.00  22.07  31.28   2.64   3.30   0.00
17    1 208   12100.00  21.93  31.67   2.72   2.58   2.00
17    1 209    8100.00  22.02  31.68   2.76   2.22   8.60
17    1 210   12170.00  22.15  32.05   2.77   2.95  60.90
17    1 211   14330.00  22.09  32.36   2.79   2.81   6.50
17    1 212   17030.00  22.07  32.73   2.80   2.95   9.90
17    1 213   15410.00  22.05  33.09   2.80   3.01   0.00
17    1 214   15980.00  22.14  33.10   2.85   3.38   0.00
17    1 215   13930.00  22.30  32.51   2.82   3.94   0.10
17    1 216   14620.00  22.17  32.19   2.79   3.44   2.80
17    1 217   12350.00  22.16  32.24   2.81   3.01   4.40
17    1 218    7700.00  22.29  32.00   2.83   3.57   6.50
17    1 219   10890.00  22.32  31.15   2.79   3.61   0.50
17    1 220   14080.00  22.23  31.27   2.77   3.61   5.30
17    1 221   17500.00  22.05  32.98   2.76   2.85  33.10
17    1 222   14470.00  22.15  32.59   2.78   2.91  33.30
17    1 223   16780.00  22.20  31.94   2.82   2.89  20.70
17    1 224    9220.00  22.37  31.18   2.84   3.01   0.80
17    1 225   16130.00  22.24  31.25   2.79   3.11   0.00
17    1 226   13100.00  22.18  31.93   2.82   3.16  27.40
17    1 227   10760.00  22.28  31.33   2.81   3.32   0.00
17    1 228    9110.00  22.13  31.15   2.75   2.59   0.00
17    1 229   11950.00  22.08  32.61   2.82   3.05  10.00
17    1 230   13280.00  22.27  31.42   2.79   3.03  16.60
17    1 231    8460.00  22.18  30.90   2.80   2.68   0.00
17    1 232    5900.00  22.34  30.83   2.80   3.19   0.30
17    1 233   14870.00  22.18  31.30   2.82   2.31   4.70
17    1 234   11990.00  22.37  31.71   2.87   3.05  12.40
17    1 235   12655.00  22.25  32.84   2.87   2.74  10.20
17    1 236   13320.00  22.30  32.44   2.88   3.36   2.10
17    1 237   14260.00  22.32  31.43   2.85   3.09   0.00
17    1 238   11700.00  22.32  31.09   2.83   2.72  18.70
17    1 239   11590.00  22.23  31.21   2.79   3.02  28.00
17    1 240   10260.00  22.16  31.09   2.74   3.34   7.70
17    1 241    9320.00  21.94  32.40   2.72   1.84   0.00
17    1 242   16020.00  22.22  32.54   2.76   2.23   0.00
17    1 243   12380.00  22.19  30.95   2.77   3.09   0.70
17    1 244   13370.00  22.05  32.08   2.75   2.17  11.10
17    1 245   14360.00  22.22  31.50   2.83   2.51   0.70
17    1 246   19440.00  22.10  31.88   2.77   2.75   0.70
17    1 247   17170.00  22.10  32.65   2.82   2.44  28.70
17    1 248   13750.00  22.42  32.24   2.88   2.81   4.40
17    1 249   14290.00  22.36  30.72   2.89   3.20   0.00
17    1 250   15260.00  22.27  31.26   2.84   2.30   0.00
17    1 251   14850.00  22.18  31.58   2.82   2.25  12.60
17    1 252   14440.00  22.25  31.96   2.89   2.95   0.00
17    1 253   13460.00  22.39  30.32   2.88   3.05  23.30
17    1 254   13180.00  22.29  31.70   2.86   2.73   7.00
17    1 255   15520.00  22.30  31.26   2.88   2.89   0.00
17    1 256   12780.00  22.30  30.95   2.83   3.45   0.00
17    1 257   10260.00  22.18  31.73   2.77   3.26   0.60
17    1 258   12530.00  22.11  31.79   2.73   2.14  11.00
17    1 259   14290.00  22.08  31.91   2.77   2.76   0.00
17    1 260   18220.00  22.02  32.08   2.82   2.71   0.00
17    1 261   14110.00  22.21  31.76   2.83   2.23   0.00
17    1 262   16780.00  22.22  31.89   2.84   2.66   3.70
17    1 263   15880.00  22.35  32.36   2.83   2.91   0.00
17    1 264   14360.00  22.35  30.43   2.77   2.37   2.70
17    1 265    5800.00  22.19  32.10   2.82   2.67  13.80
17    1 266   15980.00  22.23  31.85   2.86   2.54   1.50
17    1 267   14630.00  22.30  31.93   2.89   2.57   6.30
17    1 268   13280.00  22.35  29.97   2.80   2.70   6.60
17    1 269   17640.00  22.15  31.18   2.84   2.59   0.40
17    1 270    5440.00  22.27  32.02   2.88   2.84  46.10
17    1 271   16740.00  22.19  32.52   2.81   1.90 126.80
17    1 272   17640.00  22.24  32.93   2.90   2.20   3.90
17    1 273   18180.00  22.55  32.09   2.98   2.87   0.20
17    1 274   15440.00  22.55  30.27   2.97   3.47   8.80
17    1 275   13820.00  22.38  31.39   2.92   2.53   2.40
17    1 276   17460.00  22.28  31.58   2.90   3.11   0.00
17    1 277   13930.00  22.30  32.64   2.84   2.53   0.00
17    1 278   12560.00  22.36  32.87   2.95   2.81   2.40
17    1 279   21200.00  22.42  32.39   2.99   2.63  38.10
17    1 280   18110.00  22.46  32.33   2.96   2.34   2.20
17    1 281   15440.00  22.35  31.41   2.96   2.04  14.80
17    1 282   11450.00  22.37  33.19   2.87   1.89   9.00
17    1 283    9650.00  22.30  31.50   2.84   2.06   0.30
17    1 284    7850.00  22.31  32.05   2.88   2.55   0.00
17    1 285   14180.00  22.15  32.65   2.90   2.49   0.20
17    1 286   12310.00  22.27  32.86   2.92   2.15   0.50
17    1 287   17140.00  22.56  32.32   2.97   2.33   0.00
17    1 288   14180.00  22.48  31.77   2.95   2.20   0.00
17    1 289   19400.00  22.27  32.33   2.87   2.19   4.10
17    1 290   15230.00  22.27  32.43   2.85   2.23  53.50
17    1 291   21710.00  22.06  33.10   2.89   2.34  16.80
17    1 292   18140.00  22.42  32.20   2.93   2.93   0.20
17    1 293   22030.00  22.29  33.38   2.76   1.81   0.00
17    1 294   22180.00  22.28  32.30   2.78   1.96   0.90
17    1 295   19330.00  22.27  32.07   2.91   2.44  13.10
17    1 296   18970.00  22.36  32.63   2.90   2.41  13.00
17    1 297   17820.00  22.28  32.26   2.87   1.73  12.50
17    1 298   20990.00  22.31  33.42   2.93   1.41   8.00
17    1 299   20775.00  22.56  32.09   3.03   2.26   4.00
17    1 300   20560.00  22.52  33.63   2.97   2.35  17.40
17    1 301   22250.00  22.21  34.39   2.92   1.83  56.30
17    1 302   20120.00  22.41  33.18   3.01   1.91   0.30
17    1 303   17820.00  22.53  32.62   3.02   2.27   2.20
17    1 304   19300.00  22.48  32.99   2.94   2.22   2.20
17    1 305   21280.00  22.23  33.60   2.92   1.56  21.80
17    1 306   14900.00  22.50  31.26   2.96   2.28   2.20
17    1 307   17820.00  22.31  32.18   2.85   2.21   5.70
17    1 308   20270.00  22.27  33.50   2.88   1.65   7.70
17    1 309   19800.00  22.31  33.52   2.92   1.68   0.30
17    1 310   21100.00  22.34  33.70   2.93   1.71  11.20
17    1 311   19840.00  22.36  32.98   2.96   1.83  28.60
17    1 312   20990.00  22.53  32.53   2.97   1.96  12.50
17    1 313   20120.00  22.37  33.55   2.94   1.49   0.00
17    1 314   22070.00  22.35  34.71   2.95   1.81  26.30
17    1 315   20505.00  22.38  34.28   3.00   2.46  18.90
17    1 316   18940.00  22.43  33.87   2.99   3.09   2.20
17    1 317   19910.00  22.36  33.42   2.79   1.99   2.30
17    1 318   20630.00  22.04  34.03   2.80   1.89   0.70
17    1 319   21670.00  22.15  34.79   2.83   1.69  44.20
17    1 320   20300.00  22.21  34.63   2.90   1.81  19.10
17    1 321   20380.00  22.69  33.79   3.05   2.41  12.40
17    1 322   17960.00  22.74  33.34   3.04   2.46   7.10
17    1 323   17890.00  22.55  33.54   3.03   1.88   1.40
17    1 324   15230.00  22.74  32.64   3.03   2.08   5.60
17    1 325   19480.00  22.36  34.39   2.95   1.75   0.10
17    1 326   17780.00  22.58  32.40   3.04   2.68   0.00
17    1 327   17100.00  22.30  34.17   2.89   1.73   0.00
17    1 328   19910.00  22.61  33.69   2.96   1.64   0.00
17    1 329   19010.00  22.59  33.63   3.06   1.90   0.00
17    1 330   19800.00  22.53  34.47   3.07   1.93   0.00
17    1 331   19730.00  22.75  33.29   3.07   2.01   0.40
17    1 332   19660.00  22.62  33.98   3.06   2.04   0.20
17    1 333   18400.00  22.51  34.16   3.03   2.75  11.60
17    1 334   18760.00  22.56  33.73   2.98   2.13  28.20
17    1 335   19980.00  22.55  33.85   3.05   2.02   1.30
17    1 336   18290.00  22.66  33.21   3.05   1.92  22.10
17    1 337   18650.00  22.51  33.86   2.97   1.65  52.40
17    1 338   18400.00  22.42  34.39   2.84   1.47  14.40
17    1 339   18610.00  22.59  32.05   2.94   1.77   0.00
17    1 340   18970.00  22.49  33.71   2.85   1.68   0.00
17    1 341   19580.00  22.40  33.79   2.83   1.70   1.50
17    1 342   19370.00  22.42  33.47   2.92   1.94   9.70
17    1 343   18580.00  22.56  33.42   2.97   2.37   5.50
17    1 344   19440.00  22.48  33.29   2.92   2.15   0.00
17    1 345   17750.00  22.34  32.77   2.89   1.87   5.00
17    1 346   18400.00  22.37  32.55   2.89   1.55   0.00
17    1 347   18470.00  22.46  32.44   2.91   2.33   0.10
17    1 348   18540.00  22.25  33.89   2.86   1.88  10.40
17    1 349   19370.00  22.30  33.89   2.89   1.82   2.10
17    1 350   17860.00  22.52  32.44   2.94   2.23   0.00
17    1 351   17960.00  22.13  33.55   2.79   1.46   1.90
17    1 352   15950.00  22.17  34.17   2.79   1.59   4.80
17    1 353   19510.00  22.06  34.49   2.82   1.85  23.30
17    1 354   19620.00  22.12  35.31   2.77   1.71  29.00
17    1 355   19260.00  22.01  35.37   2.80   1.94   0.00
17    1 356   19440.00  22.14  35.45   2.71   2.16   0.70
17    1 357   19120.00  22.00  34.84   2.80   2.02   4.60
17    1 358   19400.00  22.04  35.22   2.70   1.76  14.30
17    1 359   15260.00  22.30  34.22   2.86   1.97   9.10
17    1 360   19840.00  22.21  34.86   2.57   2.12   0.40
17    1 361   17030.00  21.18  32.54   1.87   2.84  48.80
17    1 362   18720.00  21.12  33.12   1.74   3.13  17.20
17    1 363   18830.00  21.11  33.28   1.72   2.37  36.40
17    1 364   18940.00  21.31  33.60   1.78   2.39   6.00
17    1 365   19760.00  21.38  33.68   1.70   2.11   5.80
17    1 366   20200.00  20.95  34.19   1.93   2.14   2.70
