*---------------------------------------------------------*										
*Country:	Nig									
*Weather	station:	OGOJA	CRS							
*WMO-station	number:	1								
*Station	longitude:	...(dd)								
*Station	latitude:	...(dd)								
*Propagated	data	for	longitude:	...(dd)						
*Propagated	data	latitude:	...(dd)							
*Elevation:	-99.99									
*Angstrom	values	of	-0.25	and	-0.45	for	the	"Ke,Tz,Ug"	region	
*Source:	Combination	of	NASA	power	weather	and	TRMM	rainfall		
*Comments:	NASA	power	temp.	data	converted					
*using	GYGA	factors	derived	GYGA	online	propagated	data			
*Comments:	differences	between	the	sets	were	corrected				
*on	annual	basis								
*NASA-Power	vs	GYGA	min.	temp.:	R2=1					
*	intercept=14.47;	slope=0.3469								
*NASA-Power	vs	GYGA	max.	temp.:	R2=1					
*	intercept=9.297;	slope=0.7965								
*Columns:										
*	========									
*	station	number								
*	year									
*	day									
*	average	insolation	incident	on	a	horizontal	surface	(kJ	m-2	d-1)
*	Propagated	minimum	temperature	(degrees	Celsius)					
*	Propagated	maximum	temperature	(degrees	Celsius)					
*	vapour	pressure	(kPa)							
*	mean	wind	speed	(m	s-1)					
*	TRMM	precipitation	(mm	d-1)						
*---------------------------------------------------------*										
3	2016	1	14941.28476	16.9	35.1	1.561724944	3.537808586	0		
3	2016	2	16462.12152	22.5	35	1.816947222	3.88186608	0		
3	2016	3	15105.73831	22.7	35.8	1.851925593	3.889345591	0		
3	2016	4	19789.6444	23	34.8	1.940714726	3.687398801	0		
3	2016	5	17473.95475	19.5	37	2.318440423	1.503381661	0		
3	2016	6	16117.78032	20.1	38.2	2.180674923	1.750205516	0		
3	2016	7	15035.16374	17	37.4	1.658316403	2.752459957	0		
3	2016	8	18363.99142	20.2	37.6	2.601824195	1.316393892	0		
3	2016	9	17835.75809	23	38	2.532442006	1.682889919	0		
3	2016	10	17445.47262	23	39.4	2.427404579	1.465984107	0		
3	2016	11	17332.00733	16.4	37.8	1.415516781	1.608094812	0		
3	2016	12	15971.54266	15.5	36.8	1.355187988	1.473463618	0		
3	2016	13	14746.91737	16	36.7	1.310877908	1.959631817	0		
3	2016	14	18107.41928	16.2	37.8	1.426492604	2.393443441	0		
3	2016	15	17301.68617	16.1	36.9	1.516045865	1.480943129	0		
3	2016	16	17191.56154	16.8	35.3	1.903485663	1.331352914	0		
3	2016	17	19037.42516	20.3	37.2	2.894402452	1.29395536	0		
3	2016	18	15153.64536	21.2	37.2	2.246949407	1.697848941	0		
3	2016	19	16302.92964	6	36	1.015444304	3.021722344	0		
3	2016	20	17456.79138	19.4	37	1.575176454	2.909529682	0		
3	2016	21	15661.85922	16	36.8	1.337806839	2.445800016	0		
3	2016	22	16819.86626	18	37	1.336709483	1.697848941	0		
3	2016	23	17700.33211	14.2	34.3	1.012590325	2.393443441	0		
3	2016	24	17877.51538	17	34.2	1.193615597	3.605124182	0		
3	2016	25	18197.55708	14.9	33.3	1.00352666	4.592419602	0		
3	2016	26	16957.78365	15.2	34	1.228262596	3.433095435	0		
3	2016	27	18131.56797	16.1	33.4	1.153800593	4.285759661	0		
3	2016	28	20735.45311	14.4	33.4	1.160023798	3.829509505	0		
3	2016	29	16638.71752	14.5	34.4	1.089161098	4.360554768	0		
3	2016	30	21969.21523	23	34.9	1.539732437	3.724796354	0		
3	2016	31	22160.22014	24	36.2	1.70485151	2.857173107	0		
3	2016	32	18329.77262	21	37.4	1.618451926	2.109222032	0		
3	2016	33	20386.04177	21	36.7	1.964893076	1.765164537	0		
3	2016	34	20864.17293	20.6	38.9	2.918618202	2.198976161	0		
3	2016	35	19898.91978	22.6	37.4	2.588269686	1.765164537	0		
3	2016	36	19798.85355	16.4	38.6	1.41233765	3.051640387	0		
3	2016	37	16069.6736	18.2	37.2	1.609450985	2.303689312	0		
3	2016	38	17415.80496	18.8	37.2	1.473038863	2.834734575	0		
3	2016	39	18913.27207	21	36.7	1.747674703	1.675410408	0		
3	2016	40	19978.73359	21.8	37.4	1.618449848	3.365779838	0		
3	2016	41	21194.87102	22.2	38.2	1.360987823	4.023976784	0		
3	2016	42	21535.91153	15.6	36.8	1.122457581	2.834734575	0		
3	2016	43	21878.15308	19.1	38.5	1.711344578	1.652971876	0		
3	2016	44	21337.94856	19	37.6	1.546662118	1.585656279	0		
3	2016	45	18876.86713	21.8	38	2.063831284	1.331352914	0		
3	2016	46	18771.34264	23	39	3.107975319	1.929713774	0		
3	2016	47	20887.54048	23.5	39.8	3.277527847	1.877357199	0		
3	2016	48	19745.7139	26.2	39.1	3.328270892	1.967111328	0		
3	2016	49	20979.00366	27	39.4	3.540449786	2.49067708	0		
3	2016	50	22365.73249	23.9	39.3	3.183654696	2.011988392	0		
3	2016	51	22114.65673	27	39.2	2.744704929	1.264037317	0		
3	2016	52	21862.04721	24.8	40.4	3.049396389	1.510861172	0		
3	2016	53	21607.88295	24.5	39.4	2.401497572	1.510861172	0		
3	2016	54	22403.41779	25.2	37.9	1.89718454	2.041906435	0		
3	2016	55	21094.81944	25	38.4	2.598231708	1.323873403	0		
3	2016	56	21589.53568	23	39.6	3.486372429	1.59313579	0		
3	2016	57	21179.33621	24	39.8	3.506737204	1.742726005	0		
3	2016	58	20313.19056	26.9	40.4	3.629100089	2.460759037	0		
3	2016	59	21716.09985	26.2	39	3.425160718	2.707582892	0		
3	2016	60	22364.10306	26.8	37.4	3.462914505	2.827255064	0		
3	2016	61	22861.38471	24.2	37.4	3.446752293	3.343341306	0		
3	2016	62	21989.01589	24.8	37.7	3.439115829	3.238628155	0		
3	2016	63	22638.0119	26.9	38.7	3.772772927	2.976845279	0		
3	2016	64	21913.48135	26.9	29.8	3.137425436	2.266291758	0		
3	2016	65	21950.64483	24.4	34.2	3.241771378	1.952152306	0		
3	2016	66	19536.10143	25	38.6	3.739414769	2.737500935	0		
3	2016	67	19874.92627	26	35.4	3.381218068	2.430840994	0		
3	2016	68	20367.39512	27.3	38.2	4.102447749	2.535554145	0		
3	2016	69	21167.85223	24.2	37.4	3.597325621	2.692623871	0		
3	2016	70	22431.37907	24.5	35.8	3.477690562	2.647746806	0		
3	2016	71	21075.86297	26	37.6	3.54290039	2.812296043	0		
3	2016	72	20951.01914	25.8	36	3.463772796	2.378484419	0		
3	2016	73	9234.530236	25.4	33.5	3.448744732	2.326127844	11.4		
3	2016	74	22244.49095	23	38.6	3.155377357	1.286475849	0		
3	2016	75	17161.73829	25.5	37.6	3.455999982	1.675410408	0		
3	2016	76	20128.70571	27.6	36.4	3.771012367	2.303689312	0		
3	2016	77	20772.94809	26.4	30.6	3.192876905	2.572951699	0		
3	2016	78	16292.55904	25	37.2	3.894716314	2.251332736	2.1		
3	2016	79	10871.13479	25.1	34.9	3.330381765	1.757685027	6.9		
3	2016	80	18817.3571	24.8	37.2	3.817804895	2.146619586	0		
3	2016	81	20703.91249	24.9	37.4	3.396512611	1.884836709	0		
3	2016	82	20878.65573	23.4	37.8	3.410716455	2.617828763	0		
3	2016	83	20273.2466	25	32.4	3.25372677	2.827255064	0		
3	2016	84	13116.05368	24.8	35.2	3.674494341	3.096517451	20.8		
3	2016	85	20305.4977	24.4	36.4	3.682801678	2.513115613	0		
3	2016	86	20163.98402	24.8	34.4	3.320662665	2.378484419	0		
3	2016	87	16273.09634	24.9	37.2	3.794444904	2.131660564	3.7		
3	2016	88	19408.81419	26	37	3.708285881	2.071824478	0		
3	2016	89	21139.1826	24.5	36.3	3.479190457	2.034426924	0		
3	2016	90	18336.00354	27.5	37.2	3.84963442	1.89231622	0		
3	2016	91	22879.60323	24.5	36	3.473130698	2.273771269	0		
3	2016	92	20542.67236	28.3	36.4	3.922378834	2.78985751	0		
3	2016	93	22583.54617	24.5	38.9	3.7192392	2.415881973	0		
3	2016	94	19931.01561	26.5	36.8	3.90823403	2.101742521	0		
3	2016	95	22595.82834	27.3	38.4	4.232300749	2.730021424	0		
3	2016	96	21192.50265	25	35.2	3.531325719	3.006763322	0		
3	2016	97	23542.3157	24.6	36.8	3.785762967	2.617828763	0		
3	2016	98	22137.01137	25.4	38.4	3.894430949	2.78985751	0		
3	2016	99	13068.53952	27	27.2	2.607965044	1.914754752	0		
3	2016	100	23076.98653	22.4	30.8	2.887359729	2.228894204	38.8		
3	2016	101	23388.84889	23.7	35.8	3.491634387	2.221414693	0		
3	2016	102	22136.87121	22.4	34.5	3.31438775	2.333607355	0		
3	2016	103	23227.94116	24.5	36.9	3.59453159	2.617828763	0		
3	2016	104	15728.54484	25.8	35.5	3.715083558	2.258812247	0		
3	2016	105	20878.03072	24.8	32.6	3.284039772	2.513115613	42.8		
3	2016	106	20093.2989	22	35.2	3.238451294	2.68514436	0		
3	2016	107	22739.45962	25.5	35.2	3.554535835	2.468238548	0		
3	2016	108	14471.07664	24.8	35.8	3.410997378	2.722541914	0		
3	2016	109	22256.95317	24.5	29.3	2.974524822	2.243853226	23.7		
3	2016	110	20847.17691	24	36.3	3.565852543	1.398668511	10.2		
3	2016	111	16481.98894	23.8	34.6	3.278641596	1.608094812	0		
3	2016	112	20052.16655	24.1	36.4	3.555342615	1.967111328	0		
3	2016	113	21130.67175	25.7	36.4	3.830938615	2.131660564	0		
3	2016	114	22207.01996	25	36.1	3.735090902	2.408402462	0		
3	2016	115	20953.63264	26.7	33.6	3.701519281	2.520595123	0		
3	2016	116	17995.97916	24.4	37.4	3.856875719	2.348566376	0		
3	2016	117	21704.27968	24.9	35.5	3.655052759	2.423361484	0		
3	2016	118	22774.46053	26.4	34.8	3.690441752	2.505636102	0		
3	2016	119	15335.33975	27	35.4	3.704722863	2.049385946	10.9		
3	2016	120	17335.35367	23.4	36.3	3.454117614	2.146619586	0		
3	2016	121	23037.2474	24.8	36.8	3.743901427	2.341086865	0		
3	2016	122	18546.95024	23.5	37.4	3.785210689	2.378484419	0		
3	2016	123	14372.61947	24.5	33.3	3.461266506	2.430840994	31.1		
3	2016	124	16981.01033	20.8	31	2.91255618	2.019467903	0		
3	2016	125	12353.72518	26.7	33.7	3.433586434	2.213935182	35.6		
3	2016	126	18954.72646	22.3	35	3.391517145	2.318648333	0		
3	2016	127	22779.02995	24	35.5	3.411746729	2.400922951	0		
3	2016	128	20308.59	26.5	33.8	3.506792576	2.834734575	29		
3	2016	129	17838.14885	21.8	35.5	3.411536517	2.58791072	0		
3	2016	130	15221.53642	24.5	34.5	3.380766085	2.101742521	32.7		
3	2016	131	22857.63719	22.9	34.8	3.387335881	2.258812247	0		
3	2016	132	12753.7406	26.4	34.2	3.655750037	2.505636102	27.4		
3	2016	133	22666.80718	21	35.2	3.255648468	2.438320505	3.4		
3	2016	134	20817.81145	24	32.8	3.326062137	2.415881973	0		
3	2016	135	22781.17396	24.3	29	3.044658529	2.557992677	0.7		
3	2016	136	21240.06327	23.7	32.4	3.471371811	2.617828763	8		
3	2016	137	20310.20018	23.4	33	3.219188005	1.765164537	1.7		
3	2016	138	20901.26393	23.5	33.2	3.254697947	2.580431209	0		
3	2016	139	21491.2846	24.4	34	3.408717477	2.011988392	0		
3	2016	140	22838.40269	26	33.5	3.603728064	2.146619586	0		
3	2016	141	19184.42977	23.6	34.5	3.471319924	2.834734575	0		
3	2016	142	20380.18336	23.5	33.3	3.531885687	2.445800016	21.9		
3	2016	143	14467.5552	23.6	32.8	3.540800872	1.563217747	0		
3	2016	144	18536.00317	23.5	33	3.442567615	2.034426924	0.8		
3	2016	145	20031.63749	25	29.4	2.910801621	1.645492365	3.4		
3	2016	146	13683.14151	22.5	34	3.344767399	1.219160253	1.9		
3	2016	147	20303.89702	23.6	32.5	3.205626301	1.413627532	0		
3	2016	148	21494.06838	25	34	3.739044832	2.819775553	0		
3	2016	149	19072.23748	24.5	31.3	3.414498003	2.273771269	11.7		
3	2016	150	18007.42869	22.4	30.9	3.095653154	2.213935182	0		
3	2016	151	20699.81983	23.7	34.4	3.330715599	1.121926613	0		
3	2016	152	22037.80855	23.5	34	3.169194992	1.129406124	0		
3	2016	153	16624.49045	25.3	34	3.570179109	0.80030765	0		
3	2016	154	16915.02544	23.4	32.4	3.299503903	1.473463618	0		
3	2016	155	12561.64785	23.5	32.4	3.328727651	1.473463618	0		
3	2016	156	19143.06314	24.8	34.2	3.297896087	1.054611016	0		
3	2016	157	17936.56682	23.4	32.7	3.244293979	1.525820193	3		
3	2016	158	18676.01144	22.6	32.2	3.304955166	1.727766984	2.9		
3	2016	159	18219.42086	22.9	30.6	3.213338099	1.78760307	0		
3	2016	160	15223.96389	23.5	34.5	3.556240573	1.832480134	1.2		
3	2016	161	18055.77304	22.5	32.2	3.43140846	2.296209801	0		
3	2016	162	14168.31647	25	34.8	3.693549241	1.952152306	13.2		
3	2016	163	12970.24445	22.7	33.5	3.502397955	2.468238548	47.5		
3	2016	164	19082.78788	21.8	31.3	3.133741293	2.498156591	15		
3	2016	165	14902.30546	22	28.6	2.874288832	2.946927236	0		
3	2016	166	18328.13154	23.9	33.3	3.346869351	2.48319757	0.6		
3	2016	167	16088.77543	24.3	31	3.374330765	3.253587177	32.5		
3	2016	168	15490.1521	22.5	30.4	2.899942323	2.595390231	0		
3	2016	169	15190.23288	24	31.7	3.050467031	1.09948808	15.5		
3	2016	170	16678.77193	23.5	33.8	3.170518979	1.548258726	2.4		
3	2016	171	16379.81999	23.4	32.5	3.294053405	3.492931521	0		
3	2016	172	16975.29379	22.8	30.6	3.179735264	3.507890543	0		
3	2016	173	17571.31387	23	32.8	3.012394452	0.770389607	28.6		
3	2016	174	16827.07981	23.2	33.4	2.914079136	0.949897865	0		
3	2016	175	13550.32639	24.5	32.6	3.456213533	1.480943129	3.6		
3	2016	176	16532.01186	23.8	32.2	3.460526248	2.468238548	15.6		
3	2016	177	16683.30722	23.5	34.5	3.474925318	2.228894204	0		
3	2016	178	17431.47626	22.9	32.4	3.233224408	2.445800016	0		
3	2016	179	14900.19088	23.5	31.7	3.291376561	2.857173107	0		
3	2016	180	15351.01197	23.6	30.4	3.089723796	2.09426301	11.6		
3	2016	181	17592.89181	23.5	30.5	3.118959586	2.011988392	0		
3	2016	182	17896.59639	23.5	32.6	3.328832137	1.555738236	0		
3	2016	183	17902.45913	23.1	34.2	3.409181297	1.929713774	0		
3	2016	184	17012.66462	24.4	33.2	3.544249265	1.720287473	0		
3	2016	185	13582.21841	23.2	32.2	3.338877199	1.697848941	0		
3	2016	186	19119.26866	24	32	3.402693314	2.557992677	0		
3	2016	187	18828.66278	24	29.4	3.119482486	3.358300328	22.2		
3	2016	188	14197.93415	23.6	32.5	3.254908635	2.423361484	0		
3	2016	189	18397.75181	21.2	32.4	3.007142301	2.341086865	0.1		
3	2016	190	15710.17414	24	32.7	3.368498575	2.842214086	0		
3	2016	191	15868.4768	24.3	29	3.148743448	2.513115613	0		
3	2016	192	20978.73426	23.6	28.2	3.014141434	2.759939467	8.4		
3	2016	193	18739.26805	22.9	31.8	3.25963788	2.303689312	0		
3	2016	194	18600.59039	23.3	29.2	3.024921811	1.907275242	0		
3	2016	195	13951.03205	23.6	30	3.177337957	2.647746806	7.8		
3	2016	196	15464.4992	23.4	28.2	2.950513826	1.959631817	31.7		
3	2016	197	14872.14075	23.3	28.4	3.078535761	2.767418978	0.4		
3	2016	198	13374.68993	23	30.8	3.089720314	2.356045887	0		
3	2016	199	19115.91258	22.9	31.5	3.246288733	2.071824478	1.9		
3	2016	200	13845.38961	24.2	28.8	3.12626037	1.480943129	57.1		
3	2016	201	17935.00694	21.3	32	3.07644285	1.615574322	0		
3	2016	202	19460.80238	23.4	31.2	3.251202166	1.563217747	0		
3	2016	203	14025.78315	23	31.8	3.256046939	2.011988392	0		
3	2016	204	16763.29349	22.6	30.9	3.058046667	1.862398177	5.5		
3	2016	205	14349.34493	22.4	30.8	3.220288918	2.797337021	0		
3	2016	206	15726.14814	23.5	31.9	3.327733989	2.909529682	0		
3	2016	207	16497.79907	23.4	30.8	3.156311929	2.146619586	0		
3	2016	208	18031.44342	23	26.4	2.764976567	2.09426301	3.7		
3	2016	209	19568.05026	21.5	32.4	3.255217435	1.735246494	0		
3	2016	210	15621.5632	22.1	28.4	2.833927988	1.869877688	0		
3	2016	211	18379.07612	23	28	2.936694622	2.154099096	0		
3	2016	212	15339.81228	22.5	31.8	3.208737384	3.044160876	17.8		
3	2016	213	16573.91998	23.5	31.4	3.12757846	2.38596393	2		
3	2016	214	19952.0534	23.5	30.3	3.086884733	2.804816532	0		
3	2016	215	17977.04653	24.4	27.7	3.115162509	3.156353537	15.8		
3	2016	216	17837.38627	23.4	30.4	3.181167812	2.797337021	0		
3	2016	217	16623.31601	22.8	25.2	2.631218431	2.371004908	20.3		
3	2016	218	15099.60458	21.5	29.3	3.015661665	3.074078919	32.3		
3	2016	219	14341.36649	21.5	32.5	3.236259278	3.290984731	0		
3	2016	220	16043.11885	23.2	31.2	3.192899387	3.343341306	0		
3	2016	221	15591.83828	22.8	30.7	3.047857862	2.722541914	31		
3	2016	222	17759.65404	23.1	29.6	2.98996838	2.243853226	0		
3	2016	223	16382.88308	24	31.4	3.368592426	2.348566376	28		
3	2016	224	15929.75615	23	32.4	3.411679505	2.056865457	0		
3	2016	225	16093.60928	23.5	31.6	3.329643818	2.371004908	0		
3	2016	226	17649.24407	24.5	31.8	3.398588901	2.617828763	10.6		
3	2016	227	15337.50283	23.3	32	3.280259861	2.715062403	6		
3	2016	228	15809.88265	23.5	31.9	3.338134318	2.09426301	11.5		
3	2016	229	13337.25822	23.6	32.5	3.403134733	1.667930898	0		
3	2016	230	16755.43458	25	31.4	3.507530575	2.348566376	81.4		
3	2016	231	16297.07621	23.2	27.6	3.007875963	1.832480134	0.5		
3	2016	232	18012.33651	22	32.8	3.112242154	0.890061779	0		
3	2016	233	19262.94066	23	32.4	3.403507818	2.460759037	0		
3	2016	234	16159.51638	23	30	3.106526501	2.38596393	0		
3	2016	235	14141.21654	24.8	31.7	3.457525295	1.997029371	2.3		
3	2016	236	15701.42017	23	29.4	3.094241399	2.528074634	4.9		
3	2016	237	16639.53068	22.5	31.8	3.261610873	2.393443441	0		
3	2016	238	13837.29455	24.2	29.4	3.246755233	1.667930898	39		
3	2016	239	14774.23093	23.9	32	3.402598872	2.333607355	22.7		
3	2016	240	18051.17749	23.4	30.8	3.176036638	2.842214086	29.4		
3	2016	241	20081.49275	23.3	31.8	3.231702288	1.548258726	9.6		
3	2016	242	19614.84309	23.4	30	3.084101494	1.548258726	0		
3	2016	243	15243.68855	24.4	32	3.486880046	2.228894204	3.7		
3	2016	244	15554.82122	24.2	31.2	3.346306006	1.608094812	14.4		
3	2016	245	11491.75452	24	32.2	3.531673318	1.735246494	4.2		
3	2016	246	16800.25267	22.8	32.2	3.288723853	1.967111328	0		
3	2016	247	19296.96799	23	31.2	3.177471162	1.944672795	30		
3	2016	248	18199.47004	22.7	32	3.409209296	2.146619586	0.7		
3	2016	249	16007.30351	23.4	31.2	3.38654797	2.101742521	0		
3	2016	250	17720.52884	24	31.8	3.457338942	2.296209801	0		
3	2016	251	15995.62826	24	31.4	3.237473987	1.421107043	6.8		
3	2016	252	21612.16931	24.4	31.8	3.429779847	2.139140075	15.9		
3	2016	253	19416.83702	24.3	31.7	3.42461691	2.617828763	0		
3	2016	254	20656.64449	23.5	32.4	3.360009852	1.922234263	7.9		
3	2016	255	14401.92301	24.4	32.4	3.560515278	2.326127844	11		
3	2016	256	20166.1509	23.5	32	3.440273329	2.602869742	0		
3	2016	257	18905.68882	23.4	32	3.355220574	2.647746806	38.9		
3	2016	258	14838.64986	23.5	30.7	3.07848899	1.525820193	4.1		
3	2016	259	11553.79417	24	28.8	3.108241205	1.907275242	0		
3	2016	260	19642.69099	24.2	31.6	3.381052007	1.967111328	3.9		
3	2016	261	19003.7026	21.3	31.8	3.216729012	2.266291758	12.1		
3	2016	262	18520.10092	24	30.3	3.236792705	1.937193285	1.8		
3	2016	263	20057.35376	23.4	32	3.329591191	2.184017139	0		
3	2016	264	17552.05205	22.5	27.7	2.855279403	2.19149665	0		
3	2016	265	13031.52703	23.5	32.6	3.450521593	1.712807962	0		
3	2016	266	19375.37427	23	26.8	2.947109492	2.004508881	7.7		
3	2016	267	21058.18625	24.2	30.2	3.218872582	2.176537629	40.3		
3	2016	268	18401.64623	21.5	32.4	3.253439988	2.640267295	0		
3	2016	269	17760.08759	22.5	30	3.18218909	2.079303989	0		
3	2016	270	15110.16452	20.6	32.5	3.120546592	2.356045887	77		
3	2016	271	14780.39447	23.3	32.8	3.419056718	1.757685027	0.9		
3	2016	272	16609.19272	24	33.3	3.382881337	1.234119274	20		
3	2016	273	21821.07958	24.3	30.6	3.12757846	0.972336398	6.5		
3	2016	274	21174.53827	24	31.2	3.296177178	2.19149665	0		
3	2016	275	20528.60923	23.2	32.5	3.370464432	1.89231622	0		
3	2016	276	17428.63976	23.7	32.8	3.531546635	2.101742521	9.5		
3	2016	277	18013.26727	22.8	31	3.099290401	1.727766984	0		
3	2016	278	18901.50424	23.5	33	3.550339618	1.413627532	0		
3	2016	279	15202.91732	22.5	32.8	3.377293629	2.266291758	0		
3	2016	280	18074.42715	23.5	29.6	3.157352861	1.473463618	0		
3	2016	281	18956.36093	23	32.6	3.535130881	1.884836709	0		
3	2016	282	18313.91639	21.8	31.8	3.224908171	1.839959645	1.8		
3	2016	283	18280.16116	22.7	32	3.18867334	1.398668511	80		
3	2016	284	13242.9635	21.9	31.2	3.103532374	1.847439156	83		
3	2016	285	20027.08757	22	31.3	3.178082822	2.056865457	9.5		
3	2016	286	18779.80961	21.5	30.7	3.059456167	1.48842264	50		
3	2016	287	18893.62658	23.4	31.5	3.410539386	1.600615301	0		
3	2016	288	15091.72657	23	32.7	3.461142852	1.353791446	55.1		
3	2016	289	19569.06635	24.6	31.7	3.382574009	1.286475849	55		
3	2016	290	19829.04159	23.5	32.5	3.498703545	1.712807962	5.1		
3	2016	291	15145.94706	22.5	31.5	3.107907031	1.413627532	60.2		
3	2016	292	14066.96517	23	33.5	3.516588955	1.780123559	60		
3	2016	293	19108.0034	23.4	33.3	3.452981075	1.623053833	0.5		
3	2016	294	14898.0365	22.5	33.4	3.31252121	1.406148021	0		
3	2016	295	18728.50242	23.6	33.4	3.556331754	1.017213462	0		
3	2016	296	22246.98549	23.4	31.3	3.253451228	1.623053833	0		
3	2016	297	21754.71195	23	34.3	3.508493084	1.062090527	0		
3	2016	298	19048.18794	23.6	34.4	3.188919937	1.062090527	7		
3	2016	299	17236.73236	23.5	32.7	2.849975583	1.032172484	0		
3	2016	300	17786.32622	24.5	33.8	3.535869233	1.720287473	0		
3	2016	301	19948.53921	24	34.4	3.266079751	1.114447102	0		
3	2016	302	21076.04334	24.2	34.3	3.321436883	1.278996339	0		
3	2016	303	18250.68649	22.8	34.4	3.392271859	1.473463618	0		
3	2016	304	20106.34422	22.6	34.7	3.414284274	1.353791446	0		
3	2016	305	19769.92273	23	29.6	2.759109428	0.912500312	0		
3	2016	306	16819.01774	22	33.8	3.173987468	1.19672172	12.5		
3	2016	307	17795.87035	24	33.8	3.522200089	1.59313579	7.5		
3	2016	308	16597.85523	24.3	33.9	3.44268174	1.398668511	0		
3	2016	309	17426.7967	24.5	34.7	3.265926468	1.278996339	0		
3	2016	310	18252.43342	24.6	34	2.792227271	0.860143736	0		
3	2016	311	17492.61737	23.5	34.7	3.121579651	1.421107043	0		
3	2016	312	19463.42627	25	34.2	3.233167683	0.747951075	0		
3	2016	313	18418.10407	24.6	35.4	3.500528673	1.391189	0		
3	2016	314	16805.34576	24	35.4	3.184668019	2.0867835	0		
3	2016	315	20764.04147	22.6	34.6	2.991477307	1.181762699	0		
3	2016	316	17017.56574	23.6	33.6	2.739415108	0.785348629	0		
3	2016	317	18829.09475	24	35	3.086392062	0.807787161	0		
3	2016	318	20634.0391	23.4	35.5	3.200849503	1.608094812	0		
3	2016	319	17760.23929	22.8	35.4	3.034555748	1.017213462	0		
3	2016	320	20126.62167	23.4	35.7	2.871596842	1.174283188	0		
3	2016	321	18535.08555	24.5	34.8	2.930998527	1.017213462	0		
3	2016	322	20470.05874	25.2	35.4	3.466681845	1.428586554	0		
3	2016	323	19025.43923	23.2	34.5	3.127229785	0.643237925	0		
3	2016	324	18568.73223	23.8	36.2	3.587935814	1.249078296	0		
3	2016	325	18534.49271	24.3	32.6	3.159959475	1.024692973	0		
3	2016	326	19200.26314	22.8	35.7	3.669307918	1.652971876	0		
3	2016	327	18747.76203	24.8	35.8	3.596180606	1.518340683	0		
3	2016	328	18576.2882	24.6	34.4	3.666482048	1.518340683	0		
3	2016	329	16736.15417	23.5	34.8	3.236869892	0.912500312	0		
3	2016	330	19349.13003	25.3	36.6	3.608494746	1.413627532	0		
3	2016	331	16543.77115	25	35.8	3.233901886	0.987295419	0		
3	2016	332	18596.95444	24	35.4	3.176326825	0.837705204	0		
3	2016	333	19261.68861	24.5	35.2	3.146187509	1.121926613	0		
3	2016	334	17852.78653	25	36.2	3.540698697	1.413627532	0		
3	2016	335	19070.8556	23.4	36.4	3.273357917	1.18924221	0		
3	2016	336	18770.62433	24.6	36.4	3.289118212	1.697848941	0		
3	2016	337	16406.74817	24.8	36.3	3.075648124	1.174283188	0		
3	2016	338	10748.02431	20.3	36	2.55933229	2.041906435	0		
3	2016	339	17880.61503	20.7	36	3.00935151	1.907275242	0		
3	2016	340	9488.400728	22	35.2	3.007133344	1.413627532	0		
3	2016	341	19764.51876	22.8	36	2.646038863	0.912500312	0		
3	2016	342	18513.33095	21.8	35.5	3.150892144	1.436066064	0		
3	2016	343	19456.16709	23.4	36	3.598808321	1.682889919	0		
3	2016	344	16431.01851	24.2	36	3.508708165	1.166803677	0		
3	2016	345	17786.62803	24.2	36.3	3.529947311	0.905020801	0		
3	2016	346	19278.41985	24	36.3	3.31720152	0.80030765	0		
3	2016	347	18584.61505	23.9	36.4	3.243162575	0.770389607	0		
3	2016	348	19257.96606	22.1	35.8	3.020351929	1.144365145	0		
3	2016	349	7923.49764	21.4	36.8	2.471720594	1.009733951	0		
3	2016	350	15696.18495	20.9	36.3	2.961339435	1.017213462	0		
3	2016	351	17191.90691	23	35.5	2.797191981	1.226639763	0		
3	2016	352	17733.72006	21.7	36.6	2.615436127	1.705328451	0		
3	2016	353	17731.30635	24.2	35.4	2.692954136	1.09200857	0		
3	2016	354	19093.48215	23.2	37.3	2.627337933	1.166803677	0		
3	2016	355	17457.71397	23	36.5	2.687320429	1.211680742	0		
3	2016	356	17322.8348	21.6	36.2	2.409066977	1.406148021	0		
3	2016	357	15280.13714	20.5	35.4	2.392899893	1.106967591	0		
3	2016	358	18693.45238	17.9	37.3	2.255551221	2.258812247	0		
3	2016	359	7921.186655	19	36.4	2.40581907	0.912500312	0		
3	2016	360	18706.08504	14.9	35.3	1.908512092	2.954406747	0		
3	2016	361	20489.36537	21.7	33	2.263586872	3.171312559	0		
3	2016	362	20363.30215	23	33	2.360944505	3.305943752	0		
3	2016	363	19281.8098	20.4	34	2.295741916	2.894570661	0		
3	2016	364	16422.52638	16.9	33.8	2.055798925	3.178792069	0		
3	2016	365	17118.84406	18.5	36	2.28474652	2.48319757	0		
3	2016	366	14667.37587	19.5	35.7	2.250012048	2.565472188	0		
