*---------------------------------------------------------*										
*Country:	Nig									
*Weather	station:	OGOJA	CRS							
*WMO-station	number:									
*Station	longitude:	...(dd)								
*Station	latitude:	...(dd)								
*Propagated	data	for	longitude:	...(dd)						
*Propagated	data	latitude:	...(dd)							
*Elevation:	-99.99									
*Angstrom	values	of	-0.25	and	-0.45	for	the	"Ke,Tz,Ug"	region	
*Source:	Combination	of	NASA	power	weather	and	TRMM	rainfall		
*Comments:	NASA	power	temp.	data	converted					
*using	GYGA	factors	derived	GYGA	online	propagated	data			
*Comments:	differences	between	the	sets	were	corrected				
*on	annual	basis								
*NASA-Power	vs	GYGA	min.	temp.:	R2=1					
*	intercept=14.47;	slope=0.3469								
*NASA-Power	vs	GYGA	max.	temp.:	R2=1					
*	intercept=9.297;	slope=0.7965								
*Columns:										
*	========									
*	station	number								
*	year									
*	day									
*	average	insolation	incident	on	a	horizontal	surface	(kJ	m-2	d-1)
*	Propagated	minimum	temperature	(degrees	Celsius)					
*	Propagated	maximum	temperature	(degrees	Celsius)					
*	vapour	pressure	(kPa)							
*	mean	wind	speed	(m	s-1)					
*	Measured	precipitation	(mm	d-1)						
*---------------------------------------------------------*										
	0	0	-99.99	-0.25	-0.45					
3	2017	1	16050.92621	15.7	35.4	1.987396777	3.133915005	0		
3	2017	2	9892.731653	19.8	34.3	2.252761548	2.371004908	0		
3	2017	3	15532.96661	17.7	35.2	2.105659823	2.909529682	0		
3	2017	4	7990.016185	22.4	35.4	2.442918967	2.692623871	0		
3	2017	5	15842.59462	20.9	36.4	2.278283045	1.937193285	0		
3	2017	6	8010.145721	19.6	35.7	2.119928581	1.675410408	0		
3	2017	7	15605.87064	18.9	36.4	2.185481928	1.458504597	0		
3	2017	8	17421.5347	18.1	36.7	2.039546048	2.101742521	0		
3	2017	9	15509.96472	17.5	35.5	1.974425569	3.358300328	0		
3	2017	10	16501.40228	15.7	35	2.056769252	1.219160253	0		
3	2017	11	12228.66431	19	35	2.667230986	2.079303989	0		
3	2017	12	14469.27091	24.2	34	3.384262916	1.630533344	0		
3	2017	13	9904.74957	25.1	35.3	3.48509023	1.278996339	0		
3	2017	14	14934.6037	23.4	32.4	2.694469588	1.465984107	0		
3	2017	15	15936.43447	17.6	34.2	1.935132267	1.368750468	0		
3	2017	16	16243.75824	20.5	35.4	2.147541911	1.174283188	0		
3	2017	17	18651.50238	22.7	37.2	3.050064163	1.18924221	0		
3	2017	18	17984.74341	24.4	37.7	3.647118439	1.503381661	0		
3	2017	19	18439.54743	23	37.2	3.463473056	1.174283188	0		
3	2017	20	18896.62001	24.5	38.2	3.354217047	1.323873403	0		
3	2017	21	17242.55146	22	37.9	3.327188872	1.645492365	0		
3	2017	22	18688.40562	25.5	36.5	3.610247133	1.937193285	0		
3	2017	23	19715.92865	25.4	35	3.613420523	2.184017139	0		
3	2017	24	18905.97686	24.6	36.2	3.608998037	2.445800016	0		
3	2017	25	8298.482286	24.6	35.8	3.452041961	1.967111328	0		
3	2017	26	15144.70532	26.2	36.8	3.707361467	1.697848941	0		
3	2017	27	19595.36448	21.7	37.8	2.755078547	1.465984107	0		
3	2017	28	16067.54124	24.5	36.5	3.224497278	1.331352914	0		
3	2017	29	15673.6841	24	37.2	3.287321151	1.09948808	0		
3	2017	30	19436.20227	23	37.2	3.020937132	1.114447102	0		
3	2017	31	16174.85582	22.6	36.8	2.862280856	1.271516828	0		
3	2017	32	20817.90753	20.5	37.1	2.315581466	1.600615301	0		
3	2017	33	18556.14928	21.5	36.8	2.793623572	1.308914382	0		
3	2017	34	13972.38952	22	36.2	2.691294795	1.009733951	0		
3	2017	35	13570.34263	20.4	37.2	2.592358389	1.09200857	0		
3	2017	36	19553.27152	16.5	36.8	1.501547208	1.712807962	0		
3	2017	37	20179.38727	19.4	37.3	1.795735326	1.249078296	0		
3	2017	38	21245.33878	19	37.2	2.192610617	1.436066064	0		
3	2017	39	18372.10621	19.4	37.3	2.462336968	1.436066064	0		
3	2017	40	9193.350069	19	37.4	1.882257467	1.204201231	0		
3	2017	41	22415.88844	19	37.2	1.847769655	1.503381661	0		
3	2017	42	20114.57106	20.5	37	2.540646539	1.219160253	0		
3	2017	43	18098.07935	17.7	39.4	2.535961555	1.129406124	0		
3	2017	44	20352.54092	17	38.2	1.746685867	2.146619586	0		
3	2017	45	20102.14274	21.9	38.5	1.813362835	2.842214086	0		
3	2017	46	11256.85415	21	36.6	1.982578044	1.862398177	0		
3	2017	47	12322.69974	19.2	37	1.842827061	2.363525398	0		
3	2017	48	12797.53139	19.6	34.3	1.588327127	3.365779838	0		
3	2017	49	15956.77984	15.6	35	1.417634209	3.515370053	0		
3	2017	50	13602.61159	16.4	36.4	1.461365536	3.006763322	0		
3	2017	51	18420.78897	21.2	37.8	1.961256618	2.019467903	0		
3	2017	52	21008.27276	19.6	37.9	1.986323658	1.652971876	0		
3	2017	53	21352.14559	18.5	39.3	2.076122689	1.757685027	0		
3	2017	54	18386.58876	22.7	38.4	2.711334451	1.49590215	0		
3	2017	55	10887.78696	22.8	37.7	2.525326286	1.817521113	0		
3	2017	56	16347.45496	18.5	39.2	2.92946973	1.308914382	0		
3	2017	57	16985.48534	22.5	37.7	3.017949908	1.682889919	0		
3	2017	58	17776.63853	26.5	38.2	3.546047729	1.802562091	0		
3	2017	59	18721.59157	26.5	39.5	3.755508344	2.266291758	0		
3	2017	60	14500.29465	24.8	39.6	3.515216254	2.019467903	0		
3	2017	61	13766.81093	24.5	38.4	3.407416692	1.922234263	0		
3	2017	62	18672.99068	25.6	39.4	3.716502909	2.116701543	0		
3	2017	63	21760.74844	23.2	39.4	3.490942323	1.922234263	0		
3	2017	64	21644.72655	24.8	39.4	3.812457519	2.198976161	0		
3	2017	65	14634.36282	27.1	38.6	4.196387295	2.535554145	0		
3	2017	66	11438.29423	25.8	35.3	3.43076638	2.341086865	0		
3	2017	67	11765.74422	24.7	36.7	3.439073288	1.623053833	0		
3	2017	68	19014.62464	25.4	38.8	3.962125047	1.645492365	0		
3	2017	69	21661.39734	25.3	38.3	3.661843303	1.301434871	0		
3	2017	70	18146.36897	25	38.6	3.564996504	1.533299704	0		
3	2017	71	19561.73879	24.8	38.4	3.672661082	1.615574322	0		
3	2017	72	18815.88553	24.6	39.2	3.620681341	1.869877688	0		
3	2017	73	17758.06638	26.9	39.4	4.192017333	1.600615301	0		
3	2017	74	17936.05479	26.8	38.3	3.802998337	1.563217747	0		
3	2017	75	21213.81002	25.2	39.7	3.351006126	1.346311935	0		
3	2017	76	20307.47105	25	38.7	3.56991052	2.393443441	0		
3	2017	77	22349.086	24.8	40.4	3.677473677	2.176537629	0		
3	2017	78	18953.20754	25	39.4	3.709009982	2.640267295	0		
3	2017	79	19750.63127	26.5	38.4	3.747996227	1.89231622	0		
3	2017	80	10741.72561	27.5	39.4	4.079869089	2.438320505	0		
3	2017	81	16673.00448	27.8	35	3.812773006	2.999283811	0		
3	2017	82	20584.97207	24.7	36.3	3.517911249	2.849693596	0		
3	2017	83	22785.12592	25	39.6	3.750300571	1.982070349	0		
3	2017	84	21241.70753	24	39.4	3.727186292	2.169058118	0		
3	2017	85	18290.67223	25	39.4	3.68592785	2.326127844	0		
3	2017	86	20802.19512	27.3	39.5	4.074651528	1.959631817	0		
3	2017	87	15971.65519	26.8	37.5	3.942156266	1.847439156	0		
3	2017	88	23014.60719	26.3	39.2	3.791453342	1.525820193	0		
3	2017	89	18648.66055	26.8	38.8	3.965763816	2.378484419	0		
3	2017	90	9901.398573	26.1	35.3	3.582607232	2.408402462	0		
3	2017	91	22888.54723	24.5	40.4	4.05037198	2.348566376	0		
3	2017	92	20237.36906	24	38.5	3.567621283	1.600615301	0		
3	2017	93	9450.578661	26.5	35.2	3.791113593	1.780123559	0		
3	2017	94	17433.65104	26.1	37	3.777218865	2.438320505	0		
3	2017	95	14466.12244	27	37.8	3.942200057	2.236373715	0		
3	2017	96	15408.57835	27	37	4.11430715	2.677664849	0		
3	2017	97	14473.33982	24.2	35.8	3.046520712	1.608094812	0		
3	2017	98	21043.81066	24.2	40.4	3.788021196	2.363525398	0		
3	2017	99	15259.61825	23.2	30.5	3.036839118	3.036681365	0		
3	2017	100	14635.48371	23.5	35.2	3.42198293	2.445800016	70.3		
3	2017	101	19324.07987	24.6	36.8	3.736298962	2.341086865	0		
3	2017	102	21040.92008	23	35.7	3.37211648	2.744980446	92.4		
3	2017	103	11668.40915	26.3	33.8	3.685471052	2.610349252	75.1		
3	2017	104	25248.7234	22.5	35.2	3.207048602	1.914754752	0		
3	2017	105	13072.07192	23.6	31.8	3.302476046	2.116701543	55.2		
3	2017	106	25546.60526	23.5	36.4	3.003947226	2.011988392	0		
3	2017	107	22888.17315	24.5	36.7	3.703615628	1.308914382	79.6		
3	2017	108	17271.79099	24.6	35.7	3.369413955	1.413627532	0		
3	2017	109	20380.09129	26.5	37.2	3.854202126	1.077049548	85.4		
3	2017	110	13525.60737	22.2	30.7	3.029043434	1.802562091	0		
3	2017	111	21140.65243	24.6	35.7	3.484110124	2.543033656	120.6		
3	2017	112	13361.05796	23.5	32.4	3.144426494	1.376229978	0		
3	2017	113	16306.29933	23.5	34	3.130897756	1.914754752	0		
3	2017	114	14281.41994	25.5	34.2	3.655197655	2.632787785	0		
3	2017	115	18306.07785	23.2	33.3	3.390023969	2.198976161	0		
3	2017	116	20309.9352	25.3	35.3	3.563374254	2.198976161	0		
3	2017	117	21536.0491	24	34.8	3.514661071	1.929713774	0		
3	2017	118	24461.00935	24.8	31.3	3.356506063	2.273771269	0		
3	2017	119	23053.34149	24.6	36.8	3.59144009	1.959631817	0		
3	2017	120	19640.33298	26.3	36.7	4.147844634	2.221414693	0		
3	2017	121	22866.44224	25	34.5	3.601218504	2.513115613	0		
3	2017	122	17455.17075	23	34.1	3.218540312	2.011988392	0		
3	2017	123	23756.36883	22.4	30.6	3.191347518	2.243853226	0		
3	2017	124	9892.263062	24.4	32.8	3.373876015	1.652971876	2.5		
3	2017	125	23258.20589	22.1	33.4	3.168329687	2.161578607	95		
3	2017	126	22625.48135	23.6	33.2	3.35237041	2.408402462	0		
3	2017	127	23987.91017	23	34.4	3.317502177	1.772644048	0		
3	2017	128	14926.37672	24	35.7	3.555919643	2.0867835	0		
3	2017	129	24407.61524	23.5	27.9	3.036782506	1.630533344	0		
3	2017	130	21328.12688	23.9	33.8	3.567226052	1.383709489	63.2		
3	2017	131	9697.729452	24.6	33.6	3.291195685	1.413627532	0		
3	2017	132	22972.10745	21	33.8	3.153485658	1.69036943	0		
3	2017	133	21580.31145	22.8	33	3.358879942	2.019467903	60.4		
3	2017	134	18515.36299	23.5	33.8	3.468846876	2.371004908	0		
3	2017	135	16674.01693	24.3	35.2	3.789017239	2.468238548	0		
3	2017	136	21374.57601	21.2	27.5	2.672072386	2.0867835	0		
3	2017	137	23179.86977	22.6	33.5	3.125637281	1.301434871	35.6		
3	2017	138	22553.61769	24.5	33.8	3.345560193	1.959631817	0		
3	2017	139	18593.08871	25.5	35	3.776583064	1.922234263	0		
3	2017	140	12670.9303	22.8	32.4	3.446104125	1.301434871	0		
3	2017	141	11451.28781	22.8	33.3	3.428913185	1.533299704	0		
3	2017	142	19759.55554	24	33.5	3.59164904	1.645492365	0		
3	2017	143	21557.30976	23.6	35.2	3.740527441	1.869877688	0		
3	2017	144	22597.50486	24.4	33.5	3.492856073	2.415881973	0		
3	2017	145	9611.424283	22.5	30.7	3.163872047	2.632787785	0		
3	2017	146	19550.50491	23.3	33.8	3.31727812	1.181762699	0		
3	2017	147	17429.06162	24	33.5	3.475572881	1.391189	34.2		
3	2017	148	19974.8575	23.5	34	3.281717799	1.79508258	0		
3	2017	149	14850.68364	25.5	34.8	3.700663339	2.752459957	48.3		
3	2017	150	19648.35304	21.2	33.6	3.229767892	2.430840994	0		
3	2017	151	9879.556111	24.5	29.2	3.129078732	1.914754752	23		
3	2017	152	17224.48393	24.4	33.3	3.38773299	1.204201231	0		
3	2017	153	21861.69752	25.8	35	3.799585086	1.862398177	37		
3	2017	154	18553.82307	23.4	34.4	3.341390632	2.378484419	0		
3	2017	155	18244.77802	23	32	3.272570265	2.296209801	23		
3	2017	156	17786.93812	24.6	34	3.426805852	1.144365145	40.2		
3	2017	157	23312.00082	23.9	33.2	3.403527351	2.019467903	12		
3	2017	158	18817.3102	23	33	3.379635738	2.056865457	0		
3	2017	159	22992.85143	24	34.7	3.252355252	1.039651994	25.3		
3	2017	160	22685.19481	24.2	34.2	3.339019497	1.391189	0		
3	2017	161	12377.00522	23	31.6	3.275513611	2.161578607	0		
3	2017	162	11179.59217	23.5	33	3.431445238	2.303689312	35.8		
3	2017	163	22364.56132	24.3	33	3.550887048	1.937193285	0		
3	2017	164	16990.09044	23.8	30.8	3.251565023	1.780123559	0		
3	2017	165	22353.53506	22.8	30.9	2.818079265	1.29395536	0		
3	2017	166	15194.43862	24.4	34.2	3.458595916	1.967111328	40.2		
3	2017	167	11019.28526	21.8	28.8	2.946202487	2.610349252	0		
3	2017	168	12508.1009	22.8	29.9	3.081592569	2.49067708	36.4		
3	2017	169	19658.60149	24	32.4	3.263930817	1.630533344	20.6		
3	2017	170	20849.26056	22.6	31.8	3.312303939	1.982070349	40.2		
3	2017	171	17273.24772	22.8	33	3.367899087	2.236373715	0		
3	2017	172	21742.70713	22.6	31.9	3.027877059	1.286475849	0		
3	2017	173	21594.61373	23	32.5	3.134429863	1.585656279	0		
3	2017	174	9527.373127	23	31.9	3.332935613	2.513115613	0		
3	2017	175	17277.09592	23.5	32.4	3.27370113	1.750205516	0		
3	2017	176	20111.25108	22.5	31.4	3.296809708	1.89231622	0		
3	2017	177	17431.47626	24.3	31.8	3.189325221	1.09948808	0		
3	2017	178	19373.38212	23.3	31.2	3.303204391	2.176537629	20.5		
3	2017	179	19676.28626	23.3	29.3	2.938396797	1.98954986	10.2		
3	2017	180	19383.21848	23.3	32	3.145819945	1.608094812	0		
3	2017	181	18045.84219	24.5	33.2	3.440548426	2.221414693	0		
3	2017	182	15961.51934	24	33	3.313898809	2.662705828	0		
3	2017	183	19850.61047	23.2	31.2	3.226448098	2.371004908	0		
3	2017	184	15973.1503	24	32.3	3.325377965	2.154099096	0		
3	2017	185	19268.77464	24	32.8	3.448318231	2.857173107	0		
3	2017	186	21371.58511	22.5	29.3	3.026171267	2.400922951	0		
3	2017	187	14946.26513	23.4	29.9	3.034878738	2.258812247	80.7		
3	2017	188	19146.51902	23	30.6	3.048017448	2.28873029	0		
3	2017	189	18257.54382	23.4	33	3.27310883	2.026947414	0		
3	2017	190	11370.22997	23	30.3	2.949654844	2.550513166	0		
3	2017	191	21728.94504	24	31	3.136733267	2.557992677	0		
3	2017	192	20390.88405	23.8	30.2	3.097567545	1.742726005	0		
3	2017	193	22206.72634	23.3	31.3	3.072676333	1.398668511	0		
3	2017	194	11695.50814	21.4	28.9	2.795708855	2.38596393	0		
3	2017	195	15614.98373	22.5	29.7	3.032067137	2.243853226	0		
3	2017	196	17131.20513	23	32.4	3.233759583	2.19149665	0		
3	2017	197	9757.233014	23.5	32	3.393707637	3.08155843	0		
3	2017	198	22283.8378	23	30.7	3.125898056	2.28873029	0		
3	2017	199	15053.25145	24	30	3.101132885	1.443545575	0		
3	2017	200	21108.41401	23.5	31.7	3.124832095	1.18924221	0		
3	2017	201	21578.28915	24	32.3	3.278858517	1.869877688	0		
3	2017	202	10089.75173	24.9	29.2	3.347317596	3.178792069	0		
3	2017	203	15702.62047	23.5	33	3.398461635	3.156353537	0		
3	2017	204	20264.30028	23.4	31.2	3.132547801	2.326127844	0		
3	2017	205	18155.07644	22.6	31.3	3.226067295	2.213935182	0		
3	2017	206	18625.12688	21.9	29.7	3.030903867	2.804816532	0		
3	2017	207	22442.26221	23	31.2	3.101441378	1.884836709	12.2		
3	2017	208	20785.9977	22.8	31.7	3.156314908	1.780123559	0		
3	2017	209	22479.13329	23.8	31.8	3.453309526	2.632787785	0		
3	2017	210	22345.06451	24	33.2	3.494818903	1.458504597	24.4		
3	2017	211	14423.69688	23.4	30.2	3.246755233	2.872132129	40.2		
3	2017	212	19630.59726	23.6	30.8	3.252060555	2.677664849	26.8		
3	2017	213	21787.8334	23.4	29.1	3.103043735	2.946927236	0		
3	2017	214	14914.46516	23	29.9	3.100152601	2.303689312	40.2		
3	2017	215	11706.35321	23	30.2	3.185115437	2.38596393	0		
3	2017	216	9412.496186	21.3	26.2	2.689582334	2.415881973	28.8		
3	2017	217	16328.13611	22.9	31.4	3.30621164	2.303689312	32.3		
3	2017	218	15724.7548	22.9	29.4	3.006102684	2.371004908	0		
3	2017	219	9889.056167	23.5	28.8	3.003389595	2.400922951	20.6		
3	2017	220	18055.70172	22.6	29.5	3.022449339	2.273771269	0		
3	2017	221	20379.85153	24	31.2	3.208658245	2.169058118	0		
3	2017	222	13760.38279	22.7	29.8	2.955328482	2.198976161	0		
3	2017	223	11606.62323	23.6	29.8	3.203205823	1.884836709	0		
3	2017	224	14393.80491	23.2	33	3.464758202	2.610349252	22.6		
3	2017	225	10535.12861	22.9	32	3.349774167	2.371004908	0		
3	2017	226	9920.258307	23	31.2	3.358221214	2.602869742	0		
3	2017	227	18752.95668	23.7	30.4	3.25291616	2.647746806	0		
3	2017	228	10702.00134	24.2	28.8	3.116220331	2.902050172	0		
3	2017	229	19857.98706	23.6	26.8	2.923609566	2.774898489	45.1		
3	2017	230	22351.27844	23.3	30.9	3.129055969	2.236373715	0		
3	2017	231	20653.11456	23	32.4	3.182129376	1.682889919	0		
3	2017	232	20040.13668	23.4	29.4	3.002923764	1.525820193	25.4		
3	2017	233	13826.51078	23.3	28.9	3.133846127	3.051640387	0		
3	2017	234	12273.73828	22.7	27.8	2.827818999	2.333607355	0		
3	2017	235	19749.81391	23.3	31.6	3.25130523	1.712807962	0		
3	2017	236	14302.73608	22.7	31.5	2.952609489	0.777869118	0		
3	2017	237	15707.60935	21.5	29.3	2.931640971	2.557992677	0		
